1.5182306397216675e-7
1.792710095943583e-7
2.151821428717462e-7
7.372448896878149e-7
3.1787546165613678e-6
4.523697602660822e-6
1.6550462933769043e-5
2.5584148647942345e-5
8.784426618613949e-5
0.00014053632997444422
0.0003303993195229634
0.0005413163835226092
0.0011463050589057239
0.0017809030544490255
0.0041637576288280735
0.006579121699575642
0.01092992720839917
0.015249710089464762
0.02420575152149331
0.03290314386056073
0.05749272004268734
0.08154758263062503
0.11420062949262827
0.14620127543352598
0.18376036134840035
0.22029341989423284
0.2888967121716623
0.3558295398888092
0.43529944012838023
0.5133326831432052
0.5715354990801699
0.6290073364368554
0.6883858984366131
0.7471635990597094
0.8035364121238503
0.859387316868085
0.8900123623415108
0.9204235017321463
0.9384328661147165
0.9564627242012798
0.969691107838481
0.9830127034440553
0.9882438918326651
0.993535229982008
0.9953569166998075
0.9971967193331305
0.9980873770928167
0.9989873107454551
0.9993763942719023
0.999760344498364
0.9998475856806832
0.9999334397568148
0.9999574790267082
0.9999811556289648
0.9999881879496123
0.999995124980196
0.9999956874894037
0.9999962407225255
0.9999962407228411
0.9999962407237543
0.9999962407265255
0.9999962407469167
0.9999965249481017
0.9999968107257426
0.9999968107415214
0.9999968107599737
0.9999968107851664
0.9999968108053432
0.9999968109300248
0.999996810936123
0.9999968119177676
0.9999968119687769
0.9999972870315091
0.9999977639790112
0.9999977679142668
0.9999977682193759
0.999997780391111
0.9999977888400043
0.9999978067292541
0.9999978289126047
0.9999978527274792
0.9999978880472373
0.9999979231747047
0.9999979493701057
0.9999979972220822
0.9999980611234537
0.9999980767984578
0.9999981284295311
0.9999981362685653
0.9999981694340707
0.9999982742185136
0.9999983804267029
0.9999983839320572
0.999998394034281
0.9999983941206606
0.9999983944232846
0.999998396875015
0.999998419344656
0.999998437951747
0.9999984567131618
0.9999984714422913
0.9999985434758336
0.9999986360373815
0.9999986532875953
0.9999987468274516
0.9999987647615491
0.9999988804571737
0.9999989143949287
0.9999989741144829
0.9999990332419341
0.9999990334373439
0.9999991323051435
0.9999991340471478
0.9999991732114972
0.9999991783371008
0.9999991916908543
0.9999992315919037
0.9999992549120481
0.999999272668838
0.9999993076562621
0.9999993510501831
0.9999993559500948
0.9999993621576487
0.9999993837844495
0.9999994213009676
0.999999429863664
0.9999994522165135
0.9999994670267467
0.9999994765966425
0.999999485176599
0.9999994859929713
0.9999994918045565
0.9999994945677336
0.9999995234989217
0.9999995515570836
0.9999995549146468
0.9999995718295146
0.9999996044121672
0.9999996057434398
0.9999996387881682
0.9999996433192668
0.9999996789561961
0.9999996792140279
0.9999996795650572
0.9999997172242974
0.999999717288633
0.9999997267272004
0.9999997362541537
0.9999997368573764
0.9999997672846713
0.9999997682212426
0.9999997682903575
0.9999997727380358
0.9999997729713463
0.999999780865667
0.9999997959705177
0.9999998078755756
0.999999822449454
0.9999998224692607
0.999999830115477
0.9999998304754717
0.9999998428609063
0.9999998502206924
0.9999998550324277
0.9999998582272457
0.9999998671553371
0.9999998761845409
0.9999998764183967
0.9999998789974254
0.9999998789994741
0.9999998790279938
0.99999987989836
0.9999998852496758
0.9999998860871778
0.9999998964344479
0.9999999003058568
0.9999999074858796
0.9999999074859742
0.9999999081106367
0.9999999191005321
0.9999999213854194
0.9999999247974367
0.9999999261605395
0.9999999376453169
0.9999999376470149
0.9999999376516836
0.9999999376683463
0.9999999376924122
0.999999946671186
0.9999999466802206
0.9999999467546644
0.9999999468847756
0.9999999471108392
0.9999999516999899
0.9999999520461609
0.9999999520506206
0.9999999524361574
0.9999999524973927
0.9999999525527382
0.9999999548205656
0.999999955138651
0.9999999553115458
0.9999999567431651
0.9999999568137419
0.9999999568137619
0.9999999568165489
0.9999999635163357
0.9999999702196362
0.9999999709888584
0.9999999710091971
0.999999971032097
0.9999999710605867
0.9999999711790438
0.9999999714323612
0.9999999714339902
0.9999999716511908
0.9999999718588047
0.9999999719754804
0.999999971975704
0.9999999721740822
0.9999999721758668
0.9999999721761892
0.9999999721802437
0.9999999723824516
0.9999999723986682
0.9999999724377964
0.9999999725260497
0.999999972669164
0.9999999729011001
0.9999999729066467
0.9999999733182746
0.9999999733309195
0.999999974711897
0.9999999761151216
0.9999999767430746
0.9999999767938768
0.9999999775506561
0.9999999775553412
0.9999999775610215
0.9999999782036397
0.9999999782065038
0.9999999782357689
0.9999999786267747
0.9999999786268264
0.9999999787905137
0.9999999788109616
0.9999999788218797
0.999999978823069
0.9999999788811638
0.9999999788904445
0.9999999788950211
0.9999999792266224
0.9999999792293328
0.9999999792568849
0.9999999798550798
0.9999999798650775
0.9999999798663544
0.9999999805532032
0.9999999820638924
0.9999999835795922
0.9999999835798149
0.9999999842695364
0.9999999842695365
0.9999999842725937
0.9999999842727119
0.9999999849987485
0.9999999850272692
0.9999999850308624
0.9999999850314693
0.9999999851133992
0.9999999856722207
0.9999999856735392
0.9999999858611307
0.9999999861903199
0.9999999861909682
0.9999999863927999
0.9999999869382734
0.9999999869664982
0.9999999875590319
0.9999999875596741
0.9999999880559017
0.999999988207421
0.9999999882129156
0.999999988503554
0.9999999886234746
0.9999999887183323
0.9999999887183465
0.9999999887257992
0.9999999887262078
0.9999999887739601
0.9999999888154094
0.9999999888154094
0.9999999888160395
0.9999999888165348
0.999999990089331
0.9999999913725343
0.999999991603637
0.9999999916131349
0.9999999920480612
0.9999999924912087
0.9999999925090892
0.9999999925108145
0.9999999925209495
0.9999999929748741
0.9999999929753579
0.9999999934455047
0.9999999934460414
0.9999999934519956
0.9999999934519967
0.9999999934520781
0.9999999934520801
0.9999999938096159
0.9999999938102025
0.9999999938102784
0.999999993811472
0.999999993815549
0.9999999939955063
0.9999999939998246
0.999999993999839
0.9999999940046882
0.9999999940114199
0.9999999940116572
0.9999999941009264
0.9999999941075557
0.9999999941145286
0.99999999412014
0.9999999941778235
0.9999999941805411
0.9999999953094876
0.9999999964164076
0.9999999964324697
0.9999999964334518
0.9999999964453832
0.9999999964738603
0.9999999964739761
0.9999999964740593
0.9999999964808868
0.9999999964854994
0.9999999964858346
0.9999999964858748
0.9999999964959762
0.9999999964972225
0.999999996497232
0.9999999964992411
0.9999999964993799
0.9999999965034747
0.9999999965054625
0.9999999965054717
0.9999999965055371
0.9999999965068463
0.9999999965083322
0.9999999965084482
0.9999999965095069
0.9999999965095094
0.9999999965098535
0.9999999965104941
0.9999999965105256
0.9999999965119168
0.9999999965121834
0.9999999965125062
0.9999999965147113
0.9999999965158657
0.9999999965159025
0.9999999965181444
0.9999999965260085
0.9999999965261006
0.9999999965280714
0.9999999965480709
0.9999999965837599
0.99999999658376
0.9999999966368105
0.9999999966369708
0.9999999966370082
0.9999999966370786
0.9999999967035743
0.9999999967604044
0.9999999970949383
0.9999999974249307
0.9999999974249489
0.9999999974249555
0.9999999974594272
0.9999999974740483
0.9999999974741858
0.9999999974741867
0.9999999974742437
0.9999999974752715
0.9999999974801731
0.999999997480507
0.9999999974805117
0.9999999974805123
0.9999999975091464
0.9999999975092685
0.999999997509359
0.9999999975094526
0.9999999975636584
0.9999999975638496
0.9999999975638553
0.9999999976236589
0.9999999976236639
0.9999999976237578
0.9999999976836409
0.9999999976836443
0.9999999976836718
0.999999997746954
0.9999999977950665
0.9999999977961854
0.999999997796202
0.9999999977963694
0.9999999978219467
0.9999999978219803
0.9999999978219805
0.999999997821983
0.9999999978353133
0.9999999978353523
0.9999999978355582
0.9999999978369778
0.999999997837002
0.9999999978420359
0.9999999978503924
0.9999999978508995
0.9999999978509586
0.9999999978633004
0.999999997884883
0.9999999978851722
0.9999999978888658
0.9999999979197547
0.9999999982691979
0.9999999986209762
0.9999999986585937
0.999999998658603
0.9999999986895322
0.9999999986896532
0.9999999986914898
0.9999999986915108
0.9999999987099305
0.9999999987100298
0.999999998717623
0.9999999987176315
0.9999999987182909
0.9999999987187597
0.9999999987187614
0.9999999987211707
0.9999999987211821
0.9999999987211855
0.9999999987214191
0.9999999987350764
0.9999999987603493
0.9999999987603497
0.9999999987604831
0.9999999987876442
0.9999999987876648
0.9999999987878803
0.9999999987879891
0.9999999987881931
0.9999999988146563
0.9999999988146786
0.9999999988146803
0.9999999988418111
0.9999999988418501
0.9999999988624789
0.9999999988624789
0.9999999988651626
0.9999999988730183
0.9999999988730272
0.9999999988730607
0.9999999988784121
0.9999999988784506
0.9999999988784618
0.9999999988785025
0.999999998881712
0.9999999988817121
0.999999998881719
0.9999999988817667
0.9999999988833213
0.9999999991142939
0.9999999993437722
0.9999999993439076
0.999999999343914
0.9999999993442297
0.9999999993447216
0.9999999993447231
0.9999999993452566
0.999999999345896
0.999999999345896
0.9999999993459284
0.999999999346614
0.9999999993466173
0.9999999993471277
0.9999999993473686
0.9999999993473861
0.9999999993476429
0.9999999993476681
0.9999999993477592
0.9999999993478513
0.999999999347856
0.9999999993479376
0.9999999993479376
0.9999999993479379
0.9999999993479467
0.9999999993479697
0.99999999934798
0.9999999993480811
0.9999999993480982
0.9999999993482566
0.9999999993482571
0.9999999993483983
0.9999999993483983
0.9999999993483987
0.9999999993484027
0.9999999993485074
0.9999999993485087
0.9999999993486259
0.9999999993487045
0.999999999348709
0.9999999993487532
0.999999999348754
0.9999999993487709
0.9999999993487818
0.9999999993487964
0.9999999993488071
0.9999999993488137
0.999999999348814
0.9999999993488297
0.9999999993488351
0.9999999993488397
0.9999999994289426
0.9999999995106985
0.9999999995111788
0.9999999995111886
0.9999999995111888
0.9999999995111915
0.9999999995112073
0.9999999995113162
0.9999999995113171
0.9999999995117058
0.9999999995117151
0.999999999512714
0.9999999995127185
0.9999999995127419
0.9999999995145362
0.999999999514538
0.999999999514538
0.999999999514539
0.9999999995172284
0.9999999995206144
0.9999999995206157
0.999999999520639
0.9999999995235479
0.999999999523548
0.9999999995253259
0.9999999995260868
0.9999999995261425
0.9999999995261425
0.9999999995261426
0.9999999995261574
0.9999999995264055
0.9999999995264072
0.9999999995264113
0.9999999995278861
0.9999999995278864
0.9999999995278865
0.9999999995306975
0.9999999995307022
0.9999999995338151
0.9999999995338167
0.9999999995338253
0.9999999995338258
0.9999999995369439
0.9999999995369441
0.9999999995402447
0.9999999995428208
0.9999999995428227
0.9999999995428501
0.9999999995428513
0.9999999995441968
0.9999999995441984
0.9999999995441985
0.9999999995449008
0.999999999545076
0.9999999995451315
0.9999999995455636
0.9999999995478569
0.9999999995478575
0.9999999995478575
0.9999999995504308
0.999999999550649
0.9999999995523285
0.9999999996584649
0.9999999997629323
0.999999999763006
0.9999999997633338
0.9999999997633359
0.9999999997633496
0.99999999976336
0.9999999997634496
0.9999999997634786
0.9999999997637864
0.9999999997637865
0.9999999997645423
0.9999999997645436
0.9999999997645438
0.9999999997658555
0.9999999997677507
0.9999999997677593
0.9999999997700586
0.9999999997700586
0.9999999997719712
0.9999999997719948
0.9999999997719964
0.999999999773121
0.9999999997735852
0.9999999997736176
0.999999999773619
0.9999999997736191
0.9999999997736196
0.9999999997736196
0.9999999997737635
0.9999999997745836
0.9999999997745846
0.999999999776106
0.9999999997761064
0.9999999997761092
0.9999999997777498
0.9999999997777498
0.9999999997777511
0.9999999997793387
0.9999999997793401
0.9999999997793401
0.9999999997793418
0.9999999997809669
0.9999999997809894
0.9999999997822249
0.9999999997822833
0.9999999997822835
0.9999999997822835
0.9999999997829137
0.9999999997832347
0.9999999997832348
0.9999999997832362
0.9999999997832378
0.9999999997832388
0.9999999997832524
0.9999999997834442
0.9999999997834448
0.9999999997835368
0.9999999997835369
0.9999999997835374
0.999999999783569
0.9999999997835718
0.9999999997835854
0.9999999997835858
0.9999999997835868
0.9999999997835868
0.9999999997835926
0.9999999997835979
0.9999999997835982
0.9999999997836168
0.999999999783617
0.9999999997836595
0.9999999997837283
0.9999999997837283
0.9999999997837312
0.9999999997837318
0.9999999997838235
0.9999999997839267
0.999999999783927
0.9999999997840068
0.9999999997840068
0.9999999997840495
0.9999999997840656
0.9999999997840673
0.9999999997840673
0.9999999997840683
0.9999999997840684
0.9999999997840727
0.999999999784073
0.9999999997840948
0.9999999997841527
0.9999999997841897
0.9999999997841965
0.9999999997841968
0.9999999997842334
0.9999999997842339
0.99999999978426
0.9999999997842604
0.9999999997842917
0.9999999997879748
0.9999999997879757
0.9999999997879757
0.9999999997880038
0.9999999998272192
0.9999999998661021
0.9999999998661211
0.9999999998661258
0.9999999998689725
0.9999999998689812
0.9999999998689817
0.9999999998689888
0.9999999998689929
0.9999999998689929
0.9999999998689949
0.9999999998689949
0.999999999868995
0.999999999868995
0.9999999998689958
0.9999999998689958
0.9999999998690032
0.9999999998690035
0.9999999998690035
0.9999999998690037
0.999999999869004
0.9999999998690041
0.9999999998690041
0.9999999998690042
0.9999999998690047
0.9999999998690048
0.9999999998690048
0.9999999998690081
0.9999999998690091
0.9999999998690091
0.9999999998690213
0.9999999998690532
0.9999999998691113
0.9999999998691113
0.9999999998691996
0.9999999998691997
0.9999999998691997
0.9999999998693128
0.9999999998694111
0.9999999998694111
0.9999999998694721
0.9999999998694776
0.9999999998694776
0.999999999869504
0.9999999998695042
0.9999999998695043
0.9999999998695063
0.9999999998695149
0.999999999869515
0.9999999998695673
0.9999999998695673
0.9999999998695676
0.9999999998696683
0.9999999998697807
0.9999999998697807
0.9999999998697807
0.9999999998697807
0.9999999998698943
0.9999999998700155
0.9999999998700155
0.9999999998700155
0.9999999998700155
0.9999999998701109
0.9999999998701109
0.999999999870161
0.9999999998701612
0.9999999998701874
0.9999999998701874
0.9999999998701875
0.9999999998702037
0.9999999998702038
0.9999999998702038
0.999999999870212
0.9999999998702124
0.9999999998702124
0.9999999998702154
0.999999999870216
0.9999999998702173
0.9999999998702628
0.9999999998959961
0.9999999998960072
0.9999999999348911
0.999999999935265
0.999999999949047
0.9999999999490474
0.9999999999498579
0.999999999949858
0.999999999949858
0.999999999949858
0.9999999999498588
0.9999999999498588
0.9999999999498634
0.9999999999498684
0.9999999999498684
0.9999999999498854
0.9999999999499276
0.9999999999499277
0.9999999999500012
0.9999999999501077
0.9999999999501081
0.9999999999501081
0.9999999999501081
0.999999999950238
0.9999999999502381
0.9999999999503468
0.999999999950411
0.9999999999504376
0.9999999999504376
0.9999999999504395
0.9999999999504477
