1.8577206495937044e-5
8.980148450639284e-5
0.00033666636314777374
0.0004202728688231459
0.0005056799120491378
0.0011817683346612528
0.002292897006987334
0.0025719519539921304
0.004106840524122307
0.0047712210097434135
0.007361497102830108
0.00792469497272222
0.00817966433490646
0.012130608853331356
0.01570440203219392
0.017432312116185688
0.020612554132215223
0.023817963263065848
0.027523736293775636
0.03121754799625968
0.03535805283324167
0.03949905890553003
0.043976834595725
0.048456182118139554
0.05309555456925044
0.05776660584363783
0.06209027206297239
0.0668190487084292
0.07027440027611558
0.07524763379926021
0.08000374787545836
0.08571746074379276
0.09184928874479084
0.09852073208958509
0.10567212207662038
0.11330502959848052
0.12141004482859291
0.12998181910601936
0.13901406467701669
0.14849983807208436
0.15843099959600881
0.16879803541970714
0.17958992947631736
0.19079410849588205
0.20239643348746195
0.21438122808281795
0.2267313356599236
0.23942819947295016
0.2524519612117852
0.26578157424111587
0.27939492833294255
0.29326898303015314
0.30737990716418745
0.3217032222344203
0.3362139476111695
0.3508867456866317
0.3656960653083725
0.3806162820209569
0.39562183377506965
0.41068735097128906
0.4257877798637113
0.4408984985026664
0.45599542456682635
0.45599542456682635
0.4559954245668266
0.4710551145439446
0.471055114543957
0.471055114543957
0.47105511454395704
0.48605485392614634
0.48605485392614667
0.48605485392618936
0.5009727381490312
0.5009727381490697
0.5157877441602275
0.5157877441603228
0.5157877441605508
0.5304797926246861
0.5304797926250785
0.5450298008155956
0.5450298008256302
0.5450298008415527
0.5594197264587487
0.5594197264849706
0.5736326025842016
0.5736326026385851
0.5736326027486
0.5876525641457006
0.5876525641528231
0.5876525643995826
0.6014648659214726
0.6014648664591468
0.6014648665057354
0.6150558928959483
0.6150558946130286
0.6150558960457005
0.6284131684933363
0.6284131686141504
0.6284131716506253
0.6415253387534712
0.641525344472707
0.6415253454301465
0.6543821776177948
0.6543821871637567
0.6543822038607863
0.6669745766418474
0.6669745784839922
0.6669746088679293
0.6792944814733779
0.6792945332468232
0.6792945356951661
0.6913348913615481
0.6913350110051611
0.6913350347154419
0.6913351296967722
0.7030901074025997
0.7030902670222506
0.7030902991349017
0.7145548937692688
0.7145551647835007
0.7145551999620375
0.7257254150430391
0.7257258240808956
0.7257264168306022
0.7365992336334554
0.7365992604487331
0.7366000812955186
0.7471733178233341
0.7471734874291075
0.747174473960721
0.7574475297880322
0.7574477438701666
0.7574483639671421
0.7574506939995025
0.7674210185652001
0.767421345357351
0.7674244376261524
0.7770935025630334
0.77709380106263
0.7770978708124144
0.7864664746182256
0.7864717371561966
0.7864721383792366
0.786478813960536
0.7955484476978801
0.7955491563873441
0.795557415393323
0.8043300650700149
0.8043316633360552
0.8043414507326077
0.8128115901118578
0.8128234703586005
0.8128340317040025
0.812840547184576
0.8210291480566768
0.8210388207223285
0.8210512002672169
0.8289339543825985
0.8289599833869438
0.8289777337378126
0.8289819086513582
0.8366021434212058
0.836624792319767
0.8366286034232978
0.8439703455745851
0.8439977457054896
0.8440014233461335
0.8440335737427956
0.8511021964911504
0.8511059901562468
0.8511428638491605
0.8579441039740262
0.857948219789356
0.8579895109860552
0.8645309587015411
0.8645355834322108
0.8645793142248903
0.8645793142248903
0.8646536687888913
0.8646589849262772
0.870918217116741
0.870918217116741
0.8709811459327745
0.8709873366001692
0.8770122678557652
0.8770122678557652
0.877078752597814
0.877085998334115
0.877085998334115
0.8828675703420544
0.8829383523729143
0.8829383523729143
0.8829468202574606
0.8884902248556615
0.8885652986179606
0.8885652986179606
0.888575118764201
0.888575118764201
0.8886543146904408
0.8939655538706539
0.8939766375207676
0.8939766375207676
0.8940598510491121
0.894072918923045
0.8991567642231457
0.8991567642231457
0.8992444458540773
0.89925895734987
0.89925895734987
0.904116916098019
0.9042140678756592
0.9042299905640528
0.9042299905640528
0.9042980706163594
0.9089746734629202
0.9089746734629202
0.9089918500299388
0.9090748583033059
0.9090748583033059
0.9090930601020454
0.9135503913484667
0.9135503913484667
0.9136362448226036
0.9136551970721464
0.917911458269851
0.917911458269851
0.9179983108650106
0.9180177276092019
0.9180177276092019
0.9220808670965002
0.9221677338584768
0.9221874055600608
0.9221874055600608
0.9222734381376874
0.9261494381702877
0.9261494381702877
0.9261704597607533
0.9262546322805583
0.9262546322805583
0.9262721837264213
0.9299737282003725
0.9299737282003727
0.9300540062922553
0.9300712304235296
0.9300712304235308
0.9336164810281135
0.9336772935763917
0.9336936311423119
0.9336936311423173
0.9337869944882716
0.9371301738112261
0.9371454001978593
0.9371454001978786
0.9372289546873415
0.9372429240653503
0.9372429240654098
0.9404322775866114
0.9405107488885838
0.9405107488887497
0.940523326468138
0.9435600509909604
0.9436339857798851
0.943633985780313
0.9436448779873622
0.9436448779883944
0.9437142979662184
0.9466063723163431
0.946612538627635
0.9466125386299903
0.9466774370286075
0.9466893646452152
0.9494314299819767
0.9494314299870945
0.9494921027699326
0.9495017510923842
0.9495017511030297
0.9521050797653366
0.9521638113058511
0.9521722269062968
0.9521722269275844
0.9521722269275844
0.9521722269686583
0.9522028726492426
0.9546980539906118
0.954705533318531
0.954705533318531
0.9547055333951906
0.9547442400848392
0.9547510028043724
0.9547510028043724
0.9571069374149807
0.9571069375537361
0.9571069375537361
0.9571418787250308
0.9571482376088686
0.9571482378529359
0.9593809003268992
0.9593809003268992
0.959388109855082
0.9594184889887033
0.959418489406662
0.959418489406662
0.9594189719171521
0.9594447332035785
0.9615678579661796
0.9615678586641098
0.9615678586641098
0.9615702939248176
0.9615702950627836
0.961591613951954
0.961591613951954
0.9636018705581747
0.9636018723724183
0.9636042687587286
0.9636042687587286
0.9636214503854114
0.9636214532166018
0.9655258406105199
0.9655258406105199
0.965527950286434
0.9655414287003453
0.9655414330295151
0.9655414330295151
0.9655431686899759
0.9673430454504578
0.9673570125912618
0.96735701908387
0.96735701908387
0.9673582875765736
0.9673650545636739
0.9673650641221871
0.9673650641221871
0.9690735029758121
0.9690740373941403
0.9690740512191884
0.9690740512191885
0.9690785368631588
0.9690985896971587
0.9706954245666084
0.9706954245666086
0.9706954442267207
0.9706980888180001
0.9706980888180008
0.9706981163230772
0.9706999048062627
0.9722274503120795
0.9722287512529582
0.97222875125296
0.9722287891353855
0.9722297100848266
0.9722301500231137
0.972230150023119
0.9722302014195046
0.9736751252826963
0.9736755632517005
0.9736755632517141
0.973675592993104
0.9736756617218489
0.9736757874400601
0.9736757874400942
0.9750408840797727
0.9750409747076171
0.975041255233383
0.9750412552334646
0.9750412557963815
0.9750413736998983
0.9750464430785357
0.976331391168446
0.9763313911686344
0.9763315425718699
0.9763316413192833
0.9763316413197023
0.9763316435689839
0.9763318355541006
0.9775521469102334
0.9775523259230854
0.9775523259239859
0.9775524263698779
0.9775526668608403
0.9775526668627135
0.9775545289456045
0.9787067406621803
0.9787070069293828
0.9787073046385537
0.9787073046423309
0.9787101102332671
0.9787104745710566
0.9787108737159798
0.9787108737159798
0.9787108737233747
0.9797957784439396
0.9797957784439396
0.9797999593975039
0.9798004003363503
0.979800400350426
0.9798008163214682
0.9798008163214682
0.9798008163475498
0.9798013442272162
0.9808247833220982
0.9808305774225609
0.9808305774225609
0.9808306303598177
0.9808306304069191
0.9808312557621183
0.9808312557621183
0.9808387654652125
0.9808491186095146
0.9818113132976536
0.9818113133806498
0.9818113133806498
0.9818120466408942
0.9818120466408942
0.9818211536476856
0.9818248593627336
0.9818248595055723
0.9818257107178012
0.9827410491019514
0.9827410491019514
0.9827410493422972
0.9827445931857896
0.9827545516788809
0.9827555302097837
0.9827555302097837
0.9827555306055172
0.9827555306055172
0.9836162705395418
0.9836202420819828
0.9836213562486601
0.9836253123268021
0.9836253129649473
0.9836253129649473
0.9836265698389323
0.9836314058157712
0.9836314068244042
0.9836566219695851
0.9836566219695853
0.9844495579089908
0.9844509627712377
0.984450962771238
0.9844509643349972
0.9844574761634043
0.9844803593239196
0.9844803593239205
0.9844819155365458
0.9844819179163301
0.985236445436328
0.985250680295608
0.9852506802956108
0.9852742108408524
0.9852742143982042
0.9852759230730487
0.9852759230730568
0.9852800804502622
0.985280085676781
0.9859997566354943
0.9860016168968365
0.9860258863461541
0.9860258863461763
0.9860258938980543
0.9860341222216842
0.9860341222217418
0.98603612931908
0.9860609723481853
0.9867289989221322
0.9867289989222748
0.9867290096597183
0.9867406506155607
0.9867427982383649
0.9867427982387028
0.9867684350552755
0.9867684500861498
0.9867707287863517
0.9867707287871199
0.9867863083102903
0.9874024924407083
0.9874025131672756
0.9874324081884073
0.9874324081900868
0.9874348059186276
0.9874348340856863
0.9874550517332348
0.9874550517367756
0.9874615120649856
0.9880638834678237
0.9880663855414917
0.9880664232837287
0.9880664232909407
0.9880922740894283
0.9880948634925975
0.9881035492398118
0.9881035991258349
0.9881035991400529
0.9886741829740409
0.9887116650683886
0.9887116650955653
0.9887117301627965
0.9887143879035772
0.9887239162600371
0.9887239163104817
