1.5765385808984564e-7
1.818111228345615e-7
2.2508563250426465e-7
7.485088026302481e-7
2.9068523923241804e-6
4.043868085185588e-6
1.3632956041454491e-5
2.0260419002105126e-5
4.769352843773686e-5
8.245701851650761e-5
0.00017597155184835605
0.00027690361566964325
0.0005429026390287397
0.0007947106792221726
0.001431583584377535
0.001999656501678826
0.003181137356000594
0.004494937788778629
0.006763822028255388
0.009168238540880717
0.013179630329722337
0.017189027153394196
0.02371527698327549
0.02993163579216979
0.03973675159697909
0.04881839073329228
0.06141627155200768
0.0751089630632643
0.09176817832978275
0.10968225276804566
0.13072507364624278
0.1528581980616664
0.17828048028889615
0.20429578151584593
0.2337111571958353
0.26298696465169724
0.2956401968351301
0.3273470729047877
0.3621955870050394
0.3953829626887482
0.4312250363835512
0.46490582714250556
0.5005236494122209
0.5337499750229159
0.5680374754457358
0.5999631477001736
0.6298898637059004
0.6619450815931991
0.6893504299407692
0.7185246262383569
0.7430716057871448
0.7689778907753918
0.790507560955056
0.8129983520464127
0.8315089858845934
0.8506340252111589
0.8662512881413913
0.8822072525303819
0.8951502361766682
0.908230546041719
0.9187779961461551
0.9293284548161462
0.9377884935399582
0.9461716466285314
0.9528570207611438
0.9594260056779945
0.9646356818648343
0.9697169312964438
0.9737238929709964
0.9776072868970883
0.9806517460295119
0.983586519383749
0.9858734290258793
0.9880681752274851
0.9897678546882234
0.9913931789239545
0.9926439598648128
0.9938366271196099
0.994748618514486
0.9956163408869793
0.9962756316689552
0.9969019086318834
0.9973747382423431
0.9978233837280625
0.9981599900012216
0.9984791475670849
0.9987171397966598
0.9989427057935178
0.9991099091802534
0.9992683617853942
0.9993851433111258
0.9994958217037212
0.9995769443921421
0.9996538459173061
0.9997099158464868
0.9997630872148481
0.9998016622543531
0.9998382592391031
0.9998646851684936
0.9998897683904084
