1.570314061192689e-7
1.815505280872509e-7
2.2407381235064777e-7
7.487191866413017e-7
2.948270012296337e-6
4.115691043797581e-6
1.4173655123967993e-5
2.1242919320534474e-5
5.160726636594941e-5
8.974851124475833e-5
0.0001971567292604171
0.00031450832599236073
0.0006338020778473879
0.0009447678319557348
0.001751266563136842
0.0024895649650619983
0.004099424717260802
0.005880679327141904
0.009039924458145873
0.012478309534660444
0.018410475597024325
0.024676293903032408
0.03414893860770031
0.04385378563038547
0.05947441376582767
0.07507570508883418
0.09620523141676778
0.11693156057079095
0.14600285749606126
0.17410384410958038
0.21028385986348086
0.24505678177179374
0.2869254901747465
0.3269995120492875
0.3742372064424771
0.4193752866814812
0.4647213555637832
0.5079806386738606
0.5584202182801803
0.6067892815423801
0.650523595372024
0.692410851282774
0.7270567917562935
0.7602038366500949
0.7959500647956946
0.8303966360050484
0.8572037274940962
0.8830546151987924
0.9001734276060623
0.9166584183748465
0.9317747661108725
0.9463948286084435
0.9572577517859754
0.9677960664860856
0.9738318917345523
0.979703526015361
0.9839399111301682
0.9880779852602988
0.9908397383795348
0.9935413173210095
0.9949609089714476
0.99635289440727
0.9972146521512606
0.998066408671864
0.9985835532109647
0.9990981305219067
0.9993173814019753
0.9995362240765704
0.9996462682378909
0.9997562575700271
0.9998257615581919
0.9998955937865323
0.999926233113957
0.9999572520405322
0.9999677648086025
0.9999784722736679
0.9999837268687904
0.9999890789244663
0.9999920206720266
0.999995014923503
0.9999960591736458
0.9999970819514531
0.9999974323023634
0.9999977756560077
0.9999977756567233
0.999997775657895
0.999997775660397
0.9999977756657199
0.9999979479387261
0.9999979488791183
0.9999981173013114
0.999998117316235
0.9999981173380943
0.9999981173560457
0.9999981889197642
0.9999982593121408
0.9999982593301454
0.9999982594554079
0.9999982594651814
0.9999982603562537
0.9999982603600821
0.9999982637201859
0.9999982813894963
0.9999982987474821
0.9999982987477924
0.9999983077075051
0.9999983077289553
0.9999983262044223
0.9999983263434705
0.9999983574177224
0.9999983580759617
0.9999983635623914
0.9999983690127292
0.9999984130973931
0.9999984146915306
0.9999984673227168
0.9999984712822794
0.9999985246516139
0.9999985309754286
0.9999985362170241
0.9999985414722653
0.9999985882739183
0.9999985957214705
0.9999986324786838
0.9999986357166556
0.9999986527206526
0.9999986576857731
0.9999986598541102
0.9999986620209778
0.9999986689485153
0.9999986695020854
0.9999986696764793
0.9999986696784962
0.9999986729311907
0.999998672931705
0.999998672932139
0.9999986740511547
0.9999986891524967
0.999998691441903
0.9999987246131492
0.9999987289830804
0.9999987291687074
0.9999987293892643
0.9999987852253192
0.9999987919527248
0.9999988611349248
0.9999988684852427
0.9999989441978039
0.999998952761522
0.9999989530324817
0.9999989534046022
0.9999990402654204
0.9999990475786806
0.9999991276350932
0.9999991333607778
0.999999196245015
0.9999991964800008
0.9999991974232749
0.9999991983602061
0.9999991998233064
0.9999992062483242
0.999999263051856
0.9999992678716625
0.9999992789687436
0.9999993251612427
0.9999993308844419
0.9999993497024758
0.9999993771506059
0.9999993773409622
0.9999993774662416
0.9999994073470628
0.9999994105611307
0.9999994426335966
0.9999994745113011
0.9999994960457669
0.9999994987444562
0.9999995272918139
0.9999995474341974
0.9999995629820412
0.9999995655731316
0.9999995665750346
0.9999995675649755
0.9999995781235329
0.9999995870004632
0.9999995904112313
0.9999995922999847
0.9999995923982129
0.9999995968065962
0.9999995982582351
0.9999995994861688
0.9999995994862024
0.9999995994862204
0.9999996060863726
0.9999996088174504
0.9999996216316389
0.9999996226052649
0.9999996426978357
0.9999996442446935
0.999999669270344
0.9999996702250245
0.9999996714495634
0.9999996726742486
0.9999996986451772
0.9999996992976233
0.9999996996883448
0.9999997266312896
0.9999997270989608
0.9999997525256036
0.9999997526065348
0.9999997528941275
0.999999772970089
0.999999773473607
0.9999997734737923
0.9999997734738342
0.9999997735938485
0.9999997752205084
0.9999997915226718
0.999999791689285
0.9999997953867847
0.9999998090918363
0.9999998153683036
0.9999998154123744
0.9999998240383782
0.9999998339587824
0.9999998340335249
0.9999998451412525
0.9999998508501156
0.9999998617942166
0.9999998618079964
0.9999998714191897
0.9999998714389272
0.9999998729127498
0.9999998743823229
0.9999998789861778
0.9999998855212657
0.9999998891494255
0.9999998891576383
0.999999891993455
0.9999998920098375
0.9999998930810006
0.9999998947029788
0.9999998947428089
0.999999894746759
0.9999998952036167
0.9999998952115184
0.9999998961232492
0.99999989618508
0.9999998962465738
0.9999998983488035
0.999999902518515
0.999999903014017
0.9999999030162693
0.9999999030169209
0.9999999093436884
0.9999999096697335
0.9999999176057233
0.9999999186819043
0.9999999197829661
0.9999999279162304
0.9999999279173185
0.999999927917347
0.9999999280942057
0.9999999364567199
0.9999999366027555
0.9999999444774654
0.9999999444778066
0.9999999444779488
0.9999999444806997
0.9999999506750463
0.9999999507261489
0.9999999507428918
0.9999999557241644
0.9999999557760977
0.9999999559562714
0.9999999561371011
0.999999956137285
0.999999956167998
0.9999999562842861
0.9999999562844168
0.9999999604314523
0.9999999606132748
0.9999999608270641
0.9999999637150483
0.999999963726456
0.9999999640455972
0.9999999640456481
0.9999999658182748
0.9999999661022102
0.9999999661022118
0.999999966356904
0.9999999663599485
0.9999999676866764
0.9999999678370975
0.999999968983192
0.999999970143458
0.9999999702296365
0.9999999710970932
0.9999999710970958
0.9999999711011293
0.9999999711213913
0.9999999711214079
0.9999999715984659
0.9999999715988552
0.9999999715999951
0.9999999716130527
0.999999971883999
0.9999999718840129
0.9999999719368428
0.9999999719368573
0.9999999720340366
0.9999999720343137
0.9999999722063904
0.999999972340653
0.9999999724394122
0.9999999724394402
0.9999999728455122
0.9999999732560637
0.9999999734178816
0.9999999734180032
0.9999999734180096
0.9999999735760298
0.9999999736234091
0.9999999737796771
0.9999999737797413
0.9999999737797414
0.9999999738287617
0.9999999739452304
0.9999999739491121
0.9999999739735503
0.9999999739735504
0.9999999740791466
0.9999999741597951
0.9999999741739539
0.9999999741740263
0.9999999743590197
0.999999974440383
0.9999999752979626
0.9999999761539332
0.9999999764774568
0.9999999764848807
0.9999999765528665
0.9999999770206799
0.9999999770208243
0.9999999770208468
0.9999999775800504
0.9999999776187803
0.9999999776188683
0.9999999781951808
0.9999999781982514
0.999999978705835
0.999999978714995
0.9999999790554628
0.999999979055467
0.9999999790563828
0.9999999790756627
0.9999999792533805
0.9999999792534129
0.9999999793050411
0.9999999793051925
0.9999999793174977
0.9999999795875014
0.9999999798509596
0.9999999798516979
0.9999999798522681
0.9999999798522993
0.9999999798589404
0.9999999798912323
0.9999999798915702
0.9999999800224905
0.999999980022518
0.9999999800254185
0.9999999800254443
0.9999999802737312
0.9999999802737342
0.9999999806593163
0.9999999806616564
0.9999999806617005
0.999999981140811
0.9999999811424976
0.999999981142716
0.999999981632285
0.9999999816322916
0.9999999822154473
0.9999999828008796
0.9999999828012389
0.9999999828012539
0.9999999828159444
0.9999999833115806
0.9999999837920432
0.9999999837954437
0.9999999837959093
0.999999983796063
0.9999999838169846
0.9999999841937013
0.9999999841937016
0.9999999842616849
0.9999999842617222
0.9999999844080254
0.9999999847244431
0.9999999847246447
0.9999999847246805
0.9999999847744288
0.9999999849919677
0.9999999852446338
0.999999985617819
0.999999985617834
0.9999999860669618
0.9999999862472926
0.9999999862472998
0.9999999866891762
0.9999999866892396
0.9999999874581378
0.9999999882177857
0.9999999882178574
0.9999999882876761
0.9999999887065391
0.9999999889695249
0.999999989051875
0.9999999890520056
0.9999999890520899
0.9999999891857693
0.9999999891857758
0.9999999891857779
0.9999999891857791
0.9999999892234676
0.9999999892780504
0.9999999892785791
0.9999999892785812
0.9999999893083164
0.9999999893319516
0.9999999893319517
0.9999999894236474
0.9999999894236493
0.9999999894427792
0.9999999894427815
0.9999999896176125
0.9999999896176155
0.9999999896176237
0.9999999896289626
0.9999999898953222
0.9999999898953228
0.9999999898953249
0.9999999902227041
0.9999999904859456
0.9999999907540525
0.9999999907598903
0.9999999907598939
0.9999999910918067
0.9999999910954435
0.9999999914357451
0.9999999914357679
0.9999999914357679
0.9999999914358161
0.9999999914359197
0.9999999917541074
0.999999991755362
0.9999999920014514
0.9999999920014525
0.9999999920014542
0.9999999920015339
0.9999999920024357
0.9999999922019525
0.9999999922019526
0.999999992202399
0.9999999922037086
0.9999999923672753
0.9999999923674443
0.999999992368023
0.9999999923708647
0.999999992371104
0.999999992372264
0.9999999924822656
0.9999999924866123
0.9999999929646405
0.9999999934403156
0.9999999934463196
0.9999999934466536
0.9999999934466577
0.9999999934466577
0.9999999935181633
0.9999999935233107
0.9999999935233189
0.999999993528523
0.9999999935805853
0.9999999935852785
0.9999999935853812
0.9999999935881346
0.9999999936219419
0.999999993621942
0.999999993621942
0.9999999936232193
0.9999999936232793
0.9999999936233467
0.999999993641503
0.9999999936415181
0.9999999936419587
0.999999993642036
0.9999999936420425
0.999999993652715
0.9999999936527346
