8.699380063056999e-5
9.018345349500148e-5
0.0002002275563320054
0.00042102350886721076
0.0006542985106448877
0.0011838640355556801
0.0024678585785098475
0.0025814058192195344
0.0036634462444470606
0.004797675304711129
0.005501747107509539
0.00799165042231084
0.008774997505979418
0.012260374336740027
0.01426992069371928
0.017675526043592703
0.02105879260904256
0.024200627658664497
0.027987566616925707
0.03178048375339513
0.036029272382628465
0.040278307128158004
0.04487324974104215
0.049470431342469354
0.054208345287533766
0.05899231858918178
0.06327391992386527
0.06811971704366622
0.07167732065671062
0.07686457724578327
0.08204511782581825
0.08811068980805727
0.09467291594940189
0.10181061565369684
0.10948979118548904
0.11771430917841057
0.12648268897458181
0.1357956442040063
0.14565311658311414
0.15605407043920105
0.16699600633299366
0.17847468990584592
0.1904839437187899
0.20301548986158288
0.21605882698533965
0.22960116943671288
0.24362751644991848
0.25812084596737633
0.2730621283467302
0.2884296223388426
0.30419771431339665
0.3203377362024102
0.33682342399142806
0.35363607918768486
0.3707539481951612
0.38812386668870696
0.40566266945778967
0.4233391176329296
0.4412433639538491
0.44124336395386116
0.4412433639538612
0.4594333371707662
0.4594333371707665
0.45943333717078266
0.47766070705299846
0.4776607070529998
0.4776607070529999
0.49556969433401454
0.495569694334018
0.4955696943340205
0.5133355164841336
0.5133355164841571
0.5133355164841957
0.531539816410404
0.5315398164105369
0.531539816464607
0.5500555704680744
0.5500555704896264
0.5680847761301432
0.5680847761674065
0.5680847762523308
0.5855535108509318
0.5855535111838341
0.5855535112064617
0.5855535113019712
0.602812070561525
0.6028120709513037
0.6028120709958166
0.6028120718673583
0.6197916057958375
0.6197916076889707
0.6197916077839706
0.6370634174502585
0.6370634251067301
0.6370634302730844
0.6370634306314825
0.6548177806203291
0.6548177904990004
0.6548178035449487
0.6715478353267672
0.6715478404143779
0.671547865851587
0.6715478693329556
0.6870723847913128
0.6870723917444573
0.6870725379921108
0.6870725505220158
0.7022235555198789
0.7022237496847307
0.7022238673844589
0.7022240720987102
0.7172857908877985
0.7172862763575789
0.7172863616043319
0.7172987474000756
0.7328830993459048
0.7328831660319342
0.7328836707779779
0.7483243067127513
0.7483252442314542
0.7483253345214156
0.7483266786979154
0.7627122727562146
0.7627123169732023
0.762713896322236
0.7627146922554072
0.7759065174198341
0.7759072812159701
0.7759093923261693
0.7759142172903374
0.7882419463026252
0.7882467673104184
0.7882501087178765
0.7882555563220632
0.8005332664534625
0.8005351153357757
0.8005555537812157
0.8005596435580544
0.8005901510401029
0.8131468788500341
0.8131473967480355
0.8131692648847019
0.8256544662909031
0.8256986125787167
0.8257001763366565
0.8257004143356791
0.8257765500414693
0.8375906065312081
0.8375992779282494
0.8375999464579725
0.8477302053126594
0.8477302663381262
0.8481165756166407
0.8481288628348194
0.84815909709526
0.8576957815577485
0.8577667185000376
0.857766718752716
0.8578261126925162
0.8578321259417423
0.8669151321033498
0.8669151321033498
0.8669490739477561
0.8669646749776491
0.8669646749776491
0.8707621452041667
0.8761512906789136
0.8761566244372345
0.8761566244372345
0.876179767379095
0.8762310363018071
0.8762310363018071
0.885572417034688
0.885572417034688
0.8855940035263856
0.885693947189427
0.885693947189427
0.8857057933358573
0.8857981927875472
0.8947817701600351
0.8947817701600351
0.8947903835530687
0.8948518418371212
0.8948518418371212
0.8948518418371212
0.9028049540433876
0.9028154880712503
0.9029828194882707
0.9029828194882707
0.9029945800600852
0.9030540724712672
0.9030540724712672
0.9101160940164207
0.9101322673332823
0.9101322673332823
0.9102474701639004
0.9102474701639005
0.9102914061325442
0.9104011024456631
0.9167158840343641
0.9167158840347749
0.916753952818822
0.9167539528188864
0.9168211062638066
0.9168553459875359
0.9168553459888156
0.921449189563552
0.9229524861083155
0.9229524862592939
0.9229985159079586
0.923098786014706
0.9230987867630687
0.9230995235993981
0.9292045110867702
0.9292045127830955
0.929295603182604
0.9292956258381136
0.9293409076892687
0.9294392407969877
0.9294418902788675
0.9355317136050048
0.9356110225642608
0.9356113081874979
0.9357244050024782
0.9358048370296836
0.9358055958770193
0.9358107044246916
0.9415813508724603
0.9415973595082585
0.941667370044274
0.9416780672639533
0.9416869201240771
0.9417069927771523
0.946752375109362
0.9467564759834831
0.9467651239560658
0.9467742334724937
0.9468159166941843
0.9468233718379587
0.946865091419412
0.9511212957088498
0.9511705818443655
0.9511714685666685
0.9511718819647329
0.9511985894325534
0.9512141348581088
0.95124789603265
0.95124789603265
0.9549431721083772
0.9550526120428688
0.9550761664846085
0.9550761664846085
0.9550815168257286
0.9550828024080737
0.9550828024080737
0.9551038765405406
0.9553347342013786
0.9553349532223208
0.9553349532223208
0.958729143969228
0.9587498827347408
0.958750186179736
0.958750186179736
0.9588300063929565
0.9588300063929565
0.958830974418604
0.9588389642953553
0.9588914655952043
0.9588914655952047
0.9624340599809378
0.9624340709373017
0.9624340709373091
0.9624442470168599
0.9624442727244713
0.9625001277169204
0.9625001277169962
0.9625104461582862
0.9625292367051139
0.9657786555714942
0.9657786555716079
0.9661020152586426
0.9661022846792512
0.9661022846804439
0.9661367686925993
0.9661538263145778
0.9661539350990923
0.9661539351154277
0.9692273682727087
0.9694779962725242
0.9694779962766554
0.969484827981361
0.9694853589321065
0.9694853589404052
0.9694855900652255
0.9694935938461072
0.9694943973675252
0.9694943973676103
0.9694943977041217
0.9723249268936056
0.9723249269976126
0.9723272197538173
0.9723333717987784
0.9723338894143048
0.9723338906989186
0.9723351542007227
0.9723352510347745
0.9724201595954103
0.9724264510441867
0.9746706692263799
0.9746706794897878
0.9746709648428517
0.974672468735892
0.9746960582598514
0.9746960725784692
0.9746960955102406
0.9746971804503586
0.9746972143757876
0.9761620073231219
0.9761789489193454
0.9767228821077881
0.9767229350181885
0.9767229801697639
0.9767235076615592
0.9767235539815934
0.9767472102430685
0.976747813355766
0.976747951981099
0.978119560413968
0.9786228168289267
0.9786228170016374
0.9786283976273901
0.9786291467807441
0.9786291750325711
0.9786291750325711
0.9786300471150542
0.9786316687020742
0.9786358384469498
0.9786360932366797
0.9786360932366797
0.9805060295152528
0.9805065080791242
0.9805065080791242
0.9805065937543929
0.9805066308514923
0.9805315071986803
0.9805315071986803
0.9805317890032071
0.9805317908383037
0.9805317908383038
0.9805319453442656
0.9805325559160615
0.9805325559160626
0.980708718261382
0.980709816624416
0.9824223477690536
0.9824223477696742
0.9824223651524688
0.9824235343138521
0.9824235343140774
0.9824339322013329
0.9824601021387289
0.9824601030136523
0.982460103015481
0.9824618626918656
0.9824620351428826
0.982462035782849
0.9834763364952208
0.9834935666457072
0.9842244803107111
0.9842244803578956
0.9842254521930685
0.9842254538639488
0.9842254544937911
0.9842255470779591
0.9842429102719009
0.9842493319025882
0.9844231400603196
0.9844231427809484
0.9844231700234986
0.984423172335543
0.9857260204274416
0.985728302008223
0.9857421878865053
0.9857422644519609
0.9857514761578988
0.9858447118595587
0.9858447396160375
0.9858469248464845
0.9858469269714087
0.9858746252511466
0.9858746444046396
0.9859654265317581
0.9859656309766996
0.985966338319591
0.9859722404658119
0.9869937011833899
0.9869937022541194
0.9869937346406419
0.9870265060314227
0.9870296762894915
0.9871610587482365
0.9871611751053446
0.9871612083646244
0.9871613641124256
0.9871644365771179
0.9872168930193715
0.9872169009532178
0.9874138751856434
0.9874139001626279
0.988126392442136
0.9881314192656832
0.9881314496540616
0.9881315394670979
0.9882643162605087
0.9882643332226732
0.988265384151897
0.9882654247008356
0.9882691684919276
0.9882692179510719
0.9882694022895063
0.9883146901143447
0.9883788062773923
0.9883820234467589
0.9883895065028515
0.989257060629144
0.9892571684472143
0.9892571727335998
0.9892602747352919
0.9892602985613836
0.9892603995829732
0.9892638121919312
0.9892708860796333
0.9892708866887369
0.9892738456167486
0.9892741055626828
0.9892741169905888
0.9902348145416797
0.9902348145416797
0.9902436078669462
0.9902579969149427
0.9902581480984255
0.990258148155292
0.9902618486427379
0.9902618486427379
0.9902618493557622
0.9902622633241572
0.9902622633241572
0.9902638060406985
0.9902974142804115
0.9903000371505626
0.9903000371505627
0.9903020788735477
0.9903025973055409
0.9903025973055729
0.9903025973818703
0.9912312262551607
0.9912312262551743
0.9912349942225993
0.9912354863202513
0.9912355315215755
0.9912580659172503
0.9912580659175634
0.9912643319427109
0.991264359939704
0.9912648793249005
0.9912648793259311
0.9912678000708954
0.9912678000753051
0.9912678023151625
0.9912686844785817
0.9912874001494153
0.991913671114624
0.9919136715423884
0.9919159839870649
0.9919166500145761
0.9921941616227836
0.9921941616365392
0.9921948702010961
0.992194885827276
0.9921948860909524
0.9922045113911946
0.9922072911823008
0.9922072938813223
0.9922137818678874
0.9923829397055141
0.9923840721459567
0.9923840721729885
0.9923841420891464
0.992394022842391
0.9923942713071319
0.9929332663567606
0.9929339454237561
0.9930038432028486
0.9930046261520421
0.9931108425458565
0.9931108453556794
0.9931121484693539
0.9931141915413999
0.9931142976061205
0.9931143055514029
