1.5703141105674732e-7
1.81550528024084e-7
2.240738124492297e-7
7.487191865528705e-7
2.948270015294871e-6
4.115691042750755e-6
1.4173655111575606e-5
2.1242919326547086e-5
5.1607266439628304e-5
8.97485112321079e-5
0.00019715672890926181
0.00031450832594705853
0.0006338020793768112
0.0009447678319472047
0.001751266557699837
0.002489564965074019
0.004099424642099747
0.00588067932729152
0.009039924445173287
0.012478309534673687
0.01841047559272784
0.024676293902513163
0.03414893859953824
0.043853785632199146
0.05947441377378131
0.07507570508816024
0.09620523137755511
0.11693156057268941
0.14600285747487163
0.17410384410275664
0.210283860014506
0.24505678177764106
0.286925490003064
0.3269995120715412
0.37423720593854376
0.41937528670735746
0.4647213556366668
0.5079806387048915
0.5584202182857869
0.6067892815612904
0.6505235955595637
0.6924108512917363
0.7270567916578435
0.7602038366287093
0.7959500645770343
0.8303966359612733
0.8572037273691346
0.8830546151564841
0.9001734274336942
0.9166584183319247
0.9317747660956736
0.9463948285650511
0.9572577517292438
0.9677960664424405
0.9738318917247261
0.9797035259731585
0.983939911093163
0.9880779852186213
0.990839738338108
0.9935413172796296
0.9949609089268717
0.9963528943662432
0.9972146521079844
0.9980664086308593
0.9985835531704141
0.9990981304808616
0.9993173813607648
0.9995362240354964
0.9996462681966564
0.9997562575290122
0.9998257615172829
0.9998955937455022
0.9999262330731759
0.9999572519994971
0.9999677647675926
0.999978472232631
0.9999837268278464
0.9999890788834318
0.9999920206309905
0.9999950148824682
0.9999960591325959
0.9999970819104179
0.9999974322613323
0.9999977756149725
0.9999977756156881
0.9999977756168599
0.9999977756193619
0.9999977756246847
0.9999979478976904
0.9999979488380828
0.9999981172602763
0.9999981172751999
0.9999981172970592
0.9999981173150106
0.9999981888787292
0.9999982592711057
0.9999982592891103
0.9999982594143728
0.9999982594241463
0.9999982603152187
0.999998260319047
0.9999982636791508
0.9999982813484612
0.9999982987064471
0.9999982987067574
0.99999830766647
0.9999983076879202
0.9999983261633871
0.9999983263024353
0.9999983573766872
0.9999983580349265
0.9999983635213562
0.999998368971694
0.999998413056358
0.9999984146504954
0.9999984672816816
0.9999984712412442
0.9999985246105787
0.9999985309343934
0.9999985361759889
0.9999985414312301
0.9999985882328831
0.9999985956804354
0.9999986324376486
0.9999986356756204
0.9999986526796174
0.9999986576447379
0.999998659813075
0.9999986619799426
0.9999986689074801
0.9999986694610502
0.9999986696354441
0.999998669637461
0.9999986728901555
0.9999986728906698
0.9999986728911038
0.9999986740101195
0.9999986891114615
0.9999986914008678
0.999998724572114
0.9999987289420452
0.9999987291276722
0.9999987293482291
0.999998785184284
0.9999987919116896
0.9999988610938896
0.9999988684442075
0.9999989441567687
0.9999989527204868
0.9999989529914465
0.999998953363567
0.9999990402243852
0.9999990475376455
0.9999991275940581
0.9999991333197427
0.9999991962039798
0.9999991964389656
0.9999991973822397
0.999999198319171
0.9999991997822713
0.999999206207289
0.9999992630108209
0.9999992678306273
0.9999992789277085
0.9999993251202075
0.9999993308434068
0.9999993496614407
0.9999993771095708
0.999999377299927
0.9999993774252064
0.9999994073060277
0.9999994105200956
0.9999994425925615
0.9999994744702659
0.9999994960047317
0.999999498703421
0.9999995272507787
0.9999995473931623
0.999999562941006
0.9999995655320965
0.9999995665339995
0.9999995675239404
0.9999995780824977
0.999999586959428
0.9999995903701961
0.9999995922589495
0.9999995923571777
0.999999596765561
0.9999995982172
0.9999995994451336
0.9999995994451673
0.9999995994451852
0.9999996060453374
0.9999996087764152
0.9999996215906036
0.9999996225642296
0.9999996426568004
0.9999996442036582
0.9999996692293087
0.9999996701839892
0.9999996714085281
0.9999996726332133
0.999999698604142
0.999999699256588
0.9999996996473095
0.9999997265902543
0.9999997270579255
0.9999997524845682
0.9999997525654994
0.9999997528530921
0.9999997729290536
0.9999997734325716
0.9999997734327569
0.9999997734327988
0.9999997735528131
0.999999775179473
0.9999997914816364
0.9999997916482496
0.9999997953457493
0.9999998090508009
0.9999998153272682
0.999999815371339
0.9999998239973428
0.999999833917747
0.9999998339924895
0.9999998451002171
0.9999998508090802
0.9999998617531811
0.9999998617669609
0.9999998713781542
0.9999998713978917
0.9999998728717143
0.9999998743412873
0.9999998789451423
0.9999998854802302
0.99999988910839
0.9999998891166028
0.9999998919524195
0.999999891968802
0.9999998930399651
0.9999998946619433
0.9999998947017734
0.9999998947057235
0.9999998951625811
0.9999998951704829
0.9999998960822137
0.9999998961440445
0.9999998962055383
0.999999898307768
0.9999999024774795
0.9999999029729815
0.9999999029752338
0.9999999029758854
0.9999999093026529
0.999999909628698
0.9999999175646878
0.9999999186408688
0.9999999197419306
0.9999999278751949
0.999999927876283
0.9999999278763115
0.9999999280531702
0.9999999364156844
0.99999993656172
0.9999999444364299
0.9999999444367711
0.9999999444369133
0.9999999444396642
0.9999999506340108
0.9999999506851134
0.9999999507018563
0.9999999556831289
0.9999999557350622
0.9999999559152359
0.9999999560960656
0.9999999560962495
0.9999999561269625
0.9999999562432506
0.9999999562433813
0.9999999603904168
0.9999999605722393
0.9999999607860286
0.9999999636740128
0.9999999636854205
0.9999999640045617
0.9999999640046126
0.9999999657772393
0.9999999660611747
0.9999999660611762
0.9999999663158685
0.999999966318913
0.9999999676456409
0.999999967796062
0.9999999689421565
0.9999999701024225
0.999999970188601
0.9999999710560576
0.9999999710560603
0.9999999710600938
0.9999999710803558
0.9999999710803724
0.9999999715574304
0.9999999715578197
0.9999999715589596
0.9999999715720171
0.9999999718429635
0.9999999718429774
0.9999999718958072
0.9999999718958218
0.9999999719930011
0.9999999719932782
0.9999999721653549
0.9999999722996175
0.9999999723983767
0.9999999723984047
0.9999999728044767
0.9999999732150282
0.9999999733768461
0.9999999733769677
0.9999999733769741
0.9999999735349943
0.9999999735823736
0.9999999737386416
0.9999999737387057
0.9999999737387059
0.9999999737877262
0.9999999739041949
0.9999999739080766
0.9999999739325148
0.9999999739325149
0.9999999740381111
0.9999999741187596
0.9999999741329184
0.9999999741329908
0.9999999743179842
0.9999999743993475
0.9999999752569271
0.9999999761128977
0.9999999764364212
0.9999999764438452
0.999999976511831
0.9999999769796444
0.9999999769797888
0.9999999769798112
0.9999999775390149
0.9999999775777448
0.9999999775778328
0.9999999781541453
0.9999999781572159
0.9999999786647995
0.9999999786739595
0.9999999790144273
0.9999999790144315
0.9999999790153473
0.9999999790346272
0.999999979212345
0.9999999792123774
0.9999999792640056
0.999999979264157
0.9999999792764622
0.9999999795464659
0.9999999798099241
0.9999999798106624
0.9999999798112326
0.9999999798112638
0.9999999798179049
0.9999999798501968
0.9999999798505347
0.999999979981455
0.9999999799814825
0.999999979984383
0.9999999799844088
0.9999999802326957
0.9999999802326986
0.9999999806182808
0.9999999806206209
0.999999980620665
0.9999999810997755
0.999999981101462
0.9999999811016805
0.9999999815912495
0.9999999815912561
0.9999999821744118
0.9999999827598441
0.9999999827602034
0.9999999827602184
0.9999999827749089
0.9999999832705451
0.9999999837510077
0.9999999837544082
0.9999999837548738
0.9999999837550275
0.9999999837759491
0.9999999841526658
0.9999999841526661
0.9999999842206494
0.9999999842206867
0.9999999843669899
0.9999999846834076
0.9999999846836092
0.999999984683645
0.9999999847333932
0.9999999849509322
0.9999999852035983
0.9999999855767835
0.9999999855767985
0.9999999860259263
0.9999999862062571
0.9999999862062643
0.9999999866481407
0.9999999866482041
0.9999999874171023
0.9999999881767502
0.9999999881768219
0.9999999882466406
0.9999999886655035
0.9999999889284894
0.9999999890108395
0.9999999890109701
0.9999999890110544
0.9999999891447338
0.9999999891447403
0.9999999891447424
0.9999999891447436
0.999999989182432
0.9999999892370149
0.9999999892375436
0.9999999892375457
0.9999999892672808
0.999999989290916
0.9999999892909162
0.9999999893826119
0.9999999893826138
0.9999999894017437
0.999999989401746
0.999999989576577
0.99999998957658
0.9999999895765882
0.9999999895879271
0.9999999898542867
0.9999999898542873
0.9999999898542894
0.9999999901816686
0.9999999904449101
0.999999990713017
0.9999999907188548
0.9999999907188584
0.9999999910507712
0.999999991054408
0.9999999913947096
0.9999999913947324
0.9999999913947324
0.9999999913947806
0.9999999913948842
0.9999999917130719
0.9999999917143265
0.9999999919604159
0.999999991960417
0.9999999919604187
0.9999999919604984
0.9999999919614002
0.999999992160917
0.9999999921609171
0.9999999921613635
0.9999999921626731
0.9999999923262398
0.9999999923264088
0.9999999923269874
0.9999999923298292
0.9999999923300685
0.9999999923312285
0.9999999924412301
0.9999999924455768
0.999999992923605
0.9999999933992801
0.9999999934052841
0.9999999934056181
0.9999999934056222
0.9999999934056222
0.9999999934771278
0.9999999934822752
0.9999999934822834
0.9999999934874875
0.9999999935395498
0.999999993544243
0.9999999935443457
0.9999999935470991
0.9999999935809064
0.9999999935809065
0.9999999935809065
0.9999999935821838
0.9999999935822438
0.9999999935823112
0.9999999936004675
0.9999999936004826
0.9999999936009232
0.9999999936010004
0.999999993601007
0.9999999936116795
0.9999999936116991
