1.2673935336627041e-5
9.032533842775068e-5
0.000373874182800995
0.0004207804336478578
0.0011620777130221314
0.0011821957333187723
0.0018438809864089797
0.002572093670897264
0.003384638258896674
0.004770818334615659
0.007388842745589992
0.007922847037368681
0.01104840543297903
0.012126004597422572
0.01563146628367397
0.017423971243295346
0.020433674762408385
0.023803274164268955
0.027488317941601715
0.031195502441565996
0.035331906355135036
0.039468084863014674
0.04394093177412208
0.04841532075318524
0.053050315378659105
0.05771649721269921
0.06204098287156036
0.06676479133730737
0.07021768478134052
0.07518225753286076
0.07992044611540272
0.08561965662258507
0.09173339586442297
0.09838540596844395
0.10551472979881275
0.11312289372115383
0.1212001242680796
0.12974081206395274
0.1387383926186855
0.14818565844822296
0.15807421346327585
0.16839429908712703
0.17913466879381532
0.1902825363843002
0.201823570708267
0.21374192722515972
0.2260203082076224
0.23864004576949344
0.25158120303020265
0.26482268968162387
0.2783423886324957
0.2921172909402513
0.30612363642924545
0.3203370577462923
0.33473272577062846
0.3492854945160988
0.363970043875627
0.3787610187038084
0.39363316297205475
0.408561447853578
0.4235211928066763
0.4384881788672741
0.4534387535340791
0.4534387535340791
0.45343875353407914
0.46834992679127396
0.4683499267912742
0.4683499267912742
0.4831994578922104
0.48319945789221047
0.4831994578922108
0.4979659327808691
0.4979659327809223
0.4979659327809598
0.5126288320012817
0.512628832001376
0.5126288320016259
0.5271685891906877
0.5271685891912918
0.5415666402462634
0.541566640247125
0.5415666406305017
0.5558054634141866
0.5558054634454548
0.5698686105789471
0.5698686106350989
0.5837407301335724
0.5837407302422917
0.583740730249484
0.5837407304861514
0.5974075820634343
0.5974075825509473
0.6108560445333919
0.6108560445834412
0.6108560455328702
0.6240741146726719
0.6240741169717676
0.6240741170797475
0.6240741198618832
0.6370509075157968
0.6370509131338802
0.6497766280254541
0.6497766290004362
0.6497766384151079
0.6622425730146048
0.6622425895787147
0.6622425913280956
0.6622426212096685
0.6744411274331618
0.6744411773024002
0.6744411795109645
0.6863656416588154
0.6863657217741168
0.6863657230838374
0.6980105517696615
0.6980106560033934
0.6980107876549976
0.709371327875041
0.7093713573121472
0.7093716177703792
0.7204441223092096
0.7204441451414706
0.7204445461774218
0.7312262074561187
0.7312267933571335
0.7312268440424541
0.7417156926295044
0.7417165085514903
0.7417167516081126
0.7417177222727526
0.7519125992003617
0.7519137030755724
0.7519142676344721
0.7618147944908575
0.7618167356753157
0.7618170375223563
0.7714236629189685
0.7714262483734833
0.7714265323175773
0.7714323699227266
0.7807435980452476
0.7807489644380481
0.7807493565122583
0.7897706999624055
0.7897772976025361
0.789778008533692
0.7985101341028363
0.7985181507932019
0.7985197530162801
0.8069652887168192
0.8069745239086697
0.806978592382978
0.8069878689903075
0.8151499649694134
0.8151589509304327
0.8151662644295218
0.8230484462141098
0.8230631346785424
0.8230682538035873
0.8306740069768321
0.8306944151000161
0.8306983438967951
0.8377697001797387
0.8380579663273063
0.8380614197583653
0.8380872120658218
0.8451593115623123
0.8451626979438521
0.8451940137917293
0.8520040865743079
0.8520076825012903
0.8520440535238647
0.858598075050384
0.8586021257773411
0.858643488657912
0.8586897833935359
0.8649933254056633
0.8649982952302601
0.8649982952302601
0.8650493590733102
0.865054760625708
0.8711145710481523
0.8711145710481523
0.8711700418172633
0.8711766721284218
0.8769987130001399
0.8769987130001399
0.8770577760351884
0.8770658830989044
0.8770658830989044
0.882658858404027
0.8827185341360368
0.8827284218719735
0.8827284218719735
0.8828252136980955
0.8881582908729116
0.8881582908729116
0.8881702646833933
0.8882479574640442
0.8882479574640442
0.8933829963179275
0.8933973287418984
0.8934756203200799
0.8934756203200799
0.8934925155022098
0.8984154423393602
0.8984154423393602
0.8984949827489476
0.8985145451676018
0.8985145451676018
0.9032303116234276
0.903310895579129
0.9033331141720492
0.9033331141720492
0.9034144242706899
0.907928766774056
0.907928766774056
0.9079535413294989
0.9080353423999498
0.9080353423999498
0.9123536414664867
0.9123810975214834
0.9124634032248585
0.9124634032248585
0.9124895306628228
0.9166205196446391
0.9167041231572991
0.9167041231572991
0.9167329174282651
0.9206707791780285
0.9206707791780285
0.9207629802105243
0.9207925868005068
0.9207925868005068
0.9208554444749828
0.9246454026115946
0.9246751283567637
0.9246751283567637
0.9247461652955222
0.9283567668440257
0.9283567668440257
0.9283860322269748
0.9284575025988981
0.9284575025988984
0.9284858045365627
0.9319307032024957
0.9320012780448054
0.9320012780448066
0.932028201536777
0.9353145163933342
0.9353835329584035
0.9353835329584088
0.9354087757788435
0.9354087757788624
0.9354756863481372
0.9386097100163016
0.9386331799700659
0.938633179970124
0.9386973673726464
0.9387078026280773
0.9417071359202032
0.9417071359203649
0.9417676441324858
0.9417676441329021
0.9417859217055868
0.9446377809716995
0.9446918036846146
0.944691803685618
0.9447080892276232
0.9448493698786604
0.947475069245465
0.9474750692477513
0.9474893065723293
0.9474893065772887
0.9475493700422208
0.9501226140139879
0.9501348847420024
0.950134884752304
0.9501881791927805
0.9501986032630165
0.9526500019843146
0.9526500020048838
0.9526981957051783
0.9526981957051783
0.9527068834881408
0.9527068835277599
0.955039830264112
0.955039830264112
0.9550832759172986
0.9550902226545867
0.9550902227284104
0.9550902227284104
0.9551290699752194
0.9573493064875707
0.9573493066209875
0.9573533575264023
0.9573533575264023
0.9573877720824496
0.9573877723167498
0.9573953622253927
0.9573953622253927
0.9595010633562528
0.9595010637568382
0.9595313586633111
0.9595366099633873
0.9595366099633873
0.9615376667390613
0.9615376674069078
0.9615647418358614
0.9615647418358614
0.961568914652087
0.9615689157393469
0.9615689157393469
0.9634416920977418
0.9634927652293911
0.963496159483445
0.9634961612141307
0.9634961612141307
0.9635103200403824
0.9635131180734897
0.9635131207701662
0.9653229623576493
0.9653229623576493
0.9653350292211375
0.9653373972572433
0.9653374013747485
0.9653374013747485
0.9670538180001902
0.9670538241662666
0.9670560313447437
0.9670654306706122
0.9670654306706122
0.9670654397358166
0.9686910624681235
0.9686910624681235
0.9686955717765048
0.968702485311455
0.9687024984054652
0.9687024984054653
0.9687025873558848
0.9687073558809296
0.9702531352193982
0.9702531538153883
0.9702531538153886
0.9702533877371158
0.9702564095013917
0.9702564354862124
0.9702564354862131
0.9717217505945667
0.9717219104402781
0.9717236072148112
0.9717236429627817
0.9717236429627836
0.9731124516940485
0.9731125175569288
0.9731125175569341
0.9731125660050182
0.9731133742549909
0.9731133742550043
0.9731133796852312
0.9731134444048499
0.974428641068699
0.9744296673624417
0.9744296673624753
0.974429752626531
0.9744297795304145
0.9744297991889493
0.9744297991890297
0.9756762438593222
0.9756763546926743
0.9756766541889806
0.9756766541891657
0.9756768715808987
0.9756770137992076
0.9768199437910623
0.9768577872292601
0.9768577872296711
0.9768584342460559
0.9768586144661622
0.9768586144670441
0.9768586651552557
0.9779767220674979
0.9779769477006177
0.97797819020161
0.9779781902034415
0.9779787553748863
0.9779790345692252
0.9779809652142034
0.9779809652178901
0.9790390069203089
0.979040354299308
0.9790406958671699
0.9790406958671699
0.9790406958743751
0.9790433794955258
0.9790437927895312
0.9800444207151118
0.9800444207151118
0.9800468626444946
0.9800468626581852
0.9800505431654951
0.9800505431654951
0.980051037925256
0.9800510379505794
0.9800549128725278
0.9800549128725278
0.9809976699842788
0.9810055229622372
0.9810061091131292
0.9810061091587808
0.9810061091587808
0.9810117367602704
0.9810123828824511
0.9810130703095138
0.9810130703898134
0.9810130703898134
0.9819119597006558
0.9819196006760308
0.9819196006760308
0.9819196008139895
0.9819203991024561
0.9819224205212769
0.9819224205212769
0.9827715169293032
0.9827715171610298
0.9827812588949887
0.9827821770498755
0.9827846338918875
0.9827846338918875
0.9827846342727717
0.9827856804126638
0.9827980104494978
0.9827980104494978
0.9836003963525867
0.983603053375296
0.9836030539884509
0.9836030539884509
0.9836042350726453
0.9836189294186355
0.983621660167193
0.9836216611347056
0.9836216611347057
0.9843803890224833
0.9843817105289431
0.9843817120264907
0.9843987754792382
0.9843987754792385
0.9844013975042698
0.9844028631670044
0.9844028631670053
0.9844028654423763
0.9851210480812144
0.9851403805753698
0.9851421950797611
0.985143806641479
0.9851438066414818
0.9851438100374545
0.9851438100374627
0.9851652048244709
0.985197356724795
0.9851991146060504
0.9858480303289494
0.9858480353108346
0.9858480353108567
0.9858499348398914
0.9858499420278123
0.98585719877491
0.9858802842494812
0.9858802842495383
0.9865177895684387
0.9865198264099472
0.9865198366156224
0.9865198366157636
0.9865266682597753
0.9865507108641132
0.9865507108644473
0.9865507251318617
0.9865528914604635
0.9871583308762815
0.9871656789449326
0.9871885565764701
0.9871885565772288
0.9871885762261302
0.9871908617330398
0.9871908617346968
0.9871992315789033
0.987199258249582
0.9877934000551932
0.9877948388982786
0.9877972308523356
0.9877972308558246
0.9877972665531393
0.9878072395396535
0.9878072395467506
0.9878097251623649
0.987848921795635
0.988372926695162
0.9883729738293374
0.9883729738433106
0.9883856854486438
