0.0 1.7538940134579606
100.0 1.8157710850030915
200.0 1.998652437855083
300.0 2.737121259207451
400.0 3.937194635995617
500.0 4.819460397390362
600.0 5.262772320414357
700.0 5.343883016180975
800.0 5.239325166106953
900.0 5.118856816502676
1000.0 5.106080164929493
1100.0 5.185234637210777
1200.0 5.35157278874499
1300.0 5.5105110578095875
1400.0 5.6490807138638095
1500.0 5.808763066557871
1600.0 5.935719612820483
1700.0 6.079252850087366
1800.0 6.1674311346313315
1900.0 6.242441036568364
2000.0 6.278089336139824
2100.0 6.351100951465847
2200.0 6.388790014683159
2300.0 6.3496496463083965
2400.0 6.378337214532713
2500.0 6.359855254603469
2600.0 6.400629262471579
2700.0 6.35939977963933
2800.0 6.391113633733553
2900.0 6.387314717834626
3000.0 6.315755038271098
3100.0 6.295433715926284
3200.0 6.2779812838610916
3300.0 6.343886849256976
3400.0 6.345337678040084
3500.0 6.289026851959353
3600.0 6.23061103021683
3700.0 6.169411503669047
3800.0 6.250428747031754
3900.0 6.356347637402885
4000.0 6.408607913231781
4100.0 6.376988042493696
4200.0 6.2490282626399045
4300.0 6.1892207681909035
4400.0 6.161503518043422
4500.0 6.267720334990181
4600.0 6.381487886969555
4700.0 6.411478082281956
4800.0 6.3661490760230794
4900.0 6.3036638696343665
5000.0 6.276291542385253
5100.0 6.167209640397947
5200.0 6.220596501930807
5300.0 6.335646547509816
5400.0 6.4554296459258484
5500.0 6.534550447913487
5600.0 6.506015708802517
5700.0 6.435983923178595
5800.0 6.337707498272543
5900.0 6.243328144136975
6000.0 6.166224302733577
6100.0 6.2819245747881
6200.0 6.408337835413444
6300.0 6.484774706461941
6400.0 6.496261829931715
6500.0 6.505471183006097
6600.0 6.4387151531493645
6700.0 6.3678196402121685
6800.0 6.234501177076772
6900.0 6.15685698271975
7000.0 6.133793081770336
7100.0 6.18163232009248
7200.0 6.296384351209858
7300.0 6.474607260408972
7400.0 6.558198882646209
7500.0 6.51333240006947
7600.0 6.413118119442699
7700.0 6.333052884834057
7800.0 6.174994974910311
7900.0 6.197713439269376
8000.0 6.1375691877935985
8100.0 6.242730063626769
8200.0 6.298044262233916
8300.0 6.335180184177946
8400.0 6.405463247991523
8500.0 6.485599784269807
8600.0 6.531973857863161
8700.0 6.493000465232749
8800.0 6.4590768441440956
8900.0 6.335639429784711
9000.0 6.179569240807505
9100.0 6.097950853422767
