0.0 0.5002665799920245
100.0 0.49265030673407223
200.0 0.46819550691495926
300.0 0.41849778132900683
400.0 0.36586992243054783
500.0 0.515137849185139
600.0 0.8728714430863403
700.0 1.1473270581160917
800.0 1.21334669158218
900.0 1.1248749404749923
1000.0 0.9825137404078831
1100.0 0.8477082971805275
1200.0 0.7504509118389531
1300.0 0.7464347584281195
1400.0 0.9185870465842153
1500.0 1.2407696342721468
1600.0 1.605479041085375
1700.0 1.9122431068668628
1800.0 2.091735218382507
1900.0 2.1316540740879524
2000.0 2.0509392674116707
2100.0 1.8848560975360562
2200.0 1.686325152389843
2300.0 1.4887106968845618
2400.0 1.3532067134009245
2500.0 1.3155120141844368
2600.0 1.387031352901603
2700.0 1.574883396039496
2800.0 1.8097930330973897
2900.0 2.0441733307951333
3000.0 2.251361619606836
3100.0 2.4022067216147183
3200.0 2.4671246391109602
3300.0 2.4566593984597733
3400.0 2.3973536590161673
3500.0 2.2952015650159705
3600.0 2.1976040626005147
3700.0 2.1572212370285
3800.0 2.1699213314466457
3900.0 2.241520788924286
4000.0 2.3581308108095276
4100.0 2.514369777105117
4200.0 2.646338108992876
4300.0 2.726935606756375
4400.0 2.754128009133696
4500.0 2.7386066702701855
4600.0 2.700580097951723
4700.0 2.653236681024886
4800.0 2.588500015903278
4900.0 2.490208703281061
5000.0 2.40385534193385
5100.0 2.3783099623433204
5200.0 2.4155949996596258
5300.0 2.4749469939788327
5400.0 2.5372625673451656
5500.0 2.6074440309496127
5600.0 2.6633301866615926
5700.0 2.7139302528010334
5800.0 2.7286655129618524
5900.0 2.6969801285196566
6000.0 2.637302571416528
6100.0 2.6047722362901933
6200.0 2.6344046589266092
6300.0 2.689455401809904
6400.0 2.7184533316465367
6500.0 2.72615982792642
6600.0 2.7122664334623114
6700.0 2.730391532475715
6800.0 2.7685301996151708
6900.0 2.7867742991122344
7000.0 2.765316421017367
7100.0 2.70751161914081
7200.0 2.6294239080050783
7300.0 2.6191247719380506
7400.0 2.6845616152037275
7500.0 2.7750432490007313
7600.0 2.8527821766651305
7700.0 2.8680885699554723
7800.0 2.812737091510971
7900.0 2.729773891886903
8000.0 2.6551390061199416
8100.0 2.6038510793426233
8200.0 2.5685678897205997
8300.0 2.531638855212758
8400.0 2.5305636812320738
8500.0 2.6075718150135905
8600.0 2.747884675085062
8700.0 2.874236518477138
8800.0 2.935517542909519
8900.0 2.929859726944816
9000.0 2.843258155955113
9100.0 2.6822835231025257
