#level  ϵ_exact  ϵₕ[au]  ΔxH[au]
1  4.12049  3.4125857496738314  2.5
2  3.70914  4.861573802770541  2.5
3  4.54553  5.02169037771292  2.5
1  4.12049  4.033954303493813  1.25
2  3.70914  3.4528571932310306  1.25
3  4.54553  4.681717116596823  1.25
1  4.12049  3.9194371720292867  0.8333333333333333
2  3.70914  4.399868373208435  0.8333333333333333
3  4.54553  3.469532130360795  0.8333333333333333
1  4.12049  4.215579285459979  0.625
2  3.70914  3.7802767724202884  0.625
3  4.54553  3.3676186728320765  0.625
1  4.12049  4.161222483433442  0.5
2  3.70914  3.739501269547318  0.5
3  4.54553  4.598129458029963  0.5
1  4.12049  4.140694143922746  0.41666666666666663
2  3.70914  3.7241625045672286  0.41666666666666663
3  4.54553  4.571707166371678  0.41666666666666663
1  4.12049  4.131599838964495  0.3571428571428571
2  3.70914  3.717385811706905  0.3571428571428571
3  4.54553  4.559951083243574  0.3571428571428571
1  4.12049  4.127086554954031  0.3125
2  3.70914  3.7140292178811887  0.3125
3  4.54553  4.554101449004545  0.3125
1  4.12049  4.1246468288736295  0.2777777777777778
2  3.70914  3.7122173027281415  0.2777777777777778
3  4.54553  4.550933777475917  0.2777777777777778
1  4.12049  4.1232368112361755  0.25
2  3.70914  3.711171209691529  0.25
3  4.54553  4.5491007804433226  0.25
1  4.12049  4.122376889434813  0.2272727272727273
2  3.70914  3.7105337342812046  0.2272727272727273
3  4.54553  4.547981881823313  0.2272727272727273
1  4.12049  4.121828756122231  0.20833333333333331
2  3.70914  3.710127639760892  0.20833333333333331
3  4.54553  4.547268181232706  0.20833333333333331
1  4.12049  4.121466205328896  0.19230769230769232
2  3.70914  3.709859165572619  0.19230769230769232
3  4.54553  4.546795868739555  0.19230769230769232
1  4.12049  4.121218759467351  0.17857142857142855
2  3.70914  3.7096759981566665  0.17857142857142855
3  4.54553  4.546473373741837  0.17857142857142855
1  4.12049  4.1210452575902625  0.16666666666666666
2  3.70914  3.7095476061839863  0.16666666666666666
3  4.54553  4.546247173343183  0.16666666666666666
1  4.12049  4.120920719690481  0.15625
2  3.70914  3.7094554711303838  0.15625
3  4.54553  4.546084764338445  0.15625
1  4.12049  4.1208294730053225  0.14705882352941177
2  3.70914  3.7093879796782128  0.14705882352941177
3  4.54553  4.545965743152371  0.14705882352941177
1  4.12049  4.120761393879177  0.1388888888888889
2  3.70914  3.709337633247617  0.1388888888888889
3  4.54553  4.545876924631669  0.1388888888888889
1  4.12049  4.120709772953054  0.13157894736842105
2  3.70914  3.709299463851215  0.13157894736842105
3  4.54553  4.54580956729848  0.13157894736842105
1  4.12049  4.120670060995117  0.125
2  3.70914  3.7092701039165856  0.125
3  4.54553  4.545757742263821  0.125
1  4.12049  4.120639109781259  0.11904761904761904
2  3.70914  3.7092472235226723  0.11904761904761904
3  4.54553  4.545717345477096  0.11904761904761904
1  4.12049  4.120614700207966  0.11363636363636365
2  3.70914  3.709229180702906  0.11363636363636365
3  4.54553  4.5456854834586125  0.11363636363636365
1  4.12049  4.12059524184681  0.10869565217391304
2  3.70914  3.7092147988712827  0.10869565217391304
3  4.54553  4.545660082059802  0.10869565217391304
1  4.12049  4.120579577468938  0.10416666666666666
2  3.70914  3.709203222052082  0.10416666666666666
3  4.54553  4.545639631836629  0.10416666666666666
1  4.12049  4.120566853340519  0.1
2  3.70914  3.709193818843827  0.1
3  4.54553  4.545623019050443  0.1
1  4.12049  4.120556431603118  0.09615384615384616
2  3.70914  3.70918611755817  0.09615384615384616
3  4.54553  4.545609411476475  0.09615384615384616
1  4.12049  4.120547830103055  0.09259259259259259
2  3.70914  3.709179761686443  0.09259259259259259
3  4.54553  4.545598179969444  0.09259259259259259
1  4.12049  4.120540680442508  0.08928571428571427
2  3.70914  3.7091744788579897  0.08928571428571427
3  4.54553  4.545588843771728  0.08928571428571427
1  4.12049  4.120534698323323  0.08620689655172414
2  3.70914  3.7091700588980157  0.08620689655172414
3  4.54553  4.54558103184214  0.08620689655172414
1  4.12049  4.120529662310535  0.08333333333333333
2  3.70914  3.70916633811761  0.08333333333333333
3  4.54553  4.545574455159752  0.08333333333333333
1  4.12049  4.120525398440188  0.08064516129032258
2  3.70914  3.7091631879280653  0.08064516129032258
3  4.54553  4.545568886647161  0.08064516129032258
1  4.12049  4.120521768939891  0.078125
2  3.70914  3.7091605064987125  0.078125
3  4.54553  4.545564146456568  0.078125
1  4.12049  4.120518663876214  0.07575757575757576
2  3.70914  3.709158212579894  0.07575757575757576
3  4.54553  4.545560091072527  0.07575757575757576
1  4.12049  4.120515994908517  0.07352941176470588
2  3.70914  3.7091562408841314  0.07352941176470588
3  4.54553  4.545556605162245  0.07352941176470588
1  4.12049  4.120513690576203  0.07142857142857142
2  3.70914  3.7091545386014086  0.07142857142857142
3  4.54553  4.545553595426044  0.07142857142857142
1  4.12049  4.12051169271195  0.06944444444444445
2  3.70914  3.7091530627475464  0.06944444444444445
3  4.54553  4.545550985916619  0.06944444444444445
1  4.12049  4.12050995368931  0.06756756756756757
2  3.70914  3.709151778128973  0.06756756756756757
3  4.54553  4.545548714447115  0.06756756756756757
1  4.12049  4.1205084342963945  0.06578947368421052
2  3.70914  3.709150655771373  0.06578947368421052
3  4.54553  4.545546729815633  0.06578947368421052
1  4.12049  4.120507102078303  0.0641025641025641
2  3.70914  3.7091496716939116  0.0641025641025641
3  4.54553  4.545544989641894  0.0641025641025641
1  4.12049  4.120505930038866  0.0625
2  3.70914  3.7091488059497877  0.0625
3  4.54553  4.54554345867289  0.0625
1  4.12049  4.120504895617199  0.06097560975609756
2  3.70914  3.709148041869935  0.06097560975609756
3  4.54553  4.545542107446189  0.06097560975609756
1  4.12049  4.120503979872993  0.05952380952380952
2  3.70914  3.709147365460588  0.05952380952380952
3  4.54553  4.545540911227058  0.05952380952380952
1  4.12049  4.120503166838463  0.05813953488372093
2  3.70914  3.7091467649246757  0.05813953488372093
3  4.54553  4.545539849162152  0.05813953488372093
1  4.12049  4.1205024429965444  0.05681818181818182
2  3.70914  3.709146230275498  0.05681818181818182
3  4.54553  4.545538903597916  0.05681818181818182
1  4.12049  4.120501796860809  0.05555555555555556
2  3.70914  3.7091457530274337  0.05555555555555556
3  4.54553  4.545538059532928  0.05555555555555556
1  4.12049  4.120501218633412  0.05434782608695652
2  3.70914  3.709145325941966  0.05434782608695652
3  4.54553  4.545537304170672  0.05434782608695652
1  4.12049  4.120500699928078  0.05319148936170213
2  3.70914  3.7091449428237766  0.05319148936170213
3  4.54553  4.545536626558015  0.05319148936170213
1  4.12049  4.120500233542425  0.05208333333333333
2  3.70914  3.7091445983521796  0.05208333333333333
3  4.54553  4.545536017287764  0.05208333333333333
1  4.12049  4.120499813270249  0.0510204081632653
2  3.70914  3.709144287942492  0.0510204081632653
3  4.54553  4.545535468253862  0.0510204081632653
1  4.12049  4.120499433747209  0.05
2  3.70914  3.70914400763193  0.05
3  4.54553  4.5455349724497776  0.05
