1.86052932642927e-5
8.804841329148184e-5
8.831995918794181e-5
0.0004185623615794924
0.0011084659789498135
0.0011803261973561397
0.002331469790434593
0.002571384389314158
0.0027141030410794123
0.004772913802287706
0.00667958339061764
0.007931102009745152
0.011590471656471913
0.012143443524581791
0.016824727214506507
0.01745860375164924
0.020969505968141587
0.02386271354086767
0.02758561748802886
0.03128451664472665
0.035438560455402834
0.039593039328288726
0.044085668382274026
0.04857995382838338
0.053232393655844756
0.057918040087766534
0.06223873779451449
0.06698242166112052
0.07044601058136923
0.07544545279575271
0.08025552676037323
0.08601299790255819
0.09219920637678784
0.0989291272173656
0.10614685133839939
0.11385410388132718
0.12204254252204093
0.13070758902747615
0.13984376777902047
0.1494449076025831
0.15950361495686755
0.17001108405756382
0.1809569605864198
0.1923292768572752
0.20411443342115454
0.21629721766897783
0.22886085162513306
0.2417870633801046
0.2550561777967334
0.2686472228888682
0.28253804881972483
0.29670545678860605
0.31112533540905285
0.3257728023271792
0.3406223490940964
0.35564798742484444
0.3708233951569276
0.38612206037508273
0.40151742234006477
0.41698300797495963
0.4324925628479704
0.44802017572200553
0.44802017572200553
0.44802017572200553
0.4635403958784822
0.46354039587848234
0.46354039587848234
0.4790283425808327
0.47902834258083377
0.47902834258085025
0.4944598061553172
0.4944598061553373
0.49445980615537516
0.5098113403091563
0.5098113403092254
0.5250603454189446
0.5250603454192166
0.5250603454221977
0.5401851426378121
0.5401851426427838
0.5551650387538758
0.5551650387649972
0.5551650387912477
0.5699803818958136
0.569980381961641
0.5846126079293645
0.5846126082163738
0.5846126082259067
0.5846126083418997
0.599044279347575
0.5990442797150625
0.59904427976015
0.6132591120275114
0.613259112797193
0.6132591143809994
0.6272420002088407
0.6272420002918101
0.6272420034073183
0.6409790238116289
0.6409790296097501
0.6409790303011618
0.6544574607019824
0.6544574704891368
0.6544574863196012
0.6676657960290233
0.667665797527368
0.6676658269258015
0.6805936678136948
0.6805937169160844
0.6805937190782773
0.6805937974340065
0.6932319950967407
0.6932320143618297
0.6932321211076431
0.7055726563406443
0.7055728069381133
0.7055728460835755
0.7176088855673813
0.7176090823203424
0.7176091095310903
0.7176096222621908
0.7293351190614189
0.7293358033887005
0.7293358549309933
0.7407462629937014
0.7407472051550384
0.7407473975288529
0.7518389657352215
0.7518401635750253
0.751841130077092
0.7518420965689357
0.7626120499677282
0.762614254448384
0.7626147371900166
0.7730609985957646
0.7730645783943884
0.773064943959753
0.7730678220344314
0.7831916940400216
0.7831921026074291
0.783197030074811
0.7929959543969295
0.7930024713379948
0.7930030602699973
0.8024785562060807
0.8024867792396604
0.8024877948938103
0.8024977684584541
0.8116516247072157
0.8116535913673886
0.8116650090419152
0.8205006558480145
0.8205039714715202
0.820515697962105
0.8205268506135981
0.829043600434309
0.8290531921402398
0.8290697517238269
0.8290841532388278
0.8372814424297984
0.8373041317997124
0.8373126599191344
0.845204897808863
0.8452335695281512
0.8452406493701862
0.8452753066656046
0.8528630536670283
0.8528695301547047
0.852910456126975
0.8601976971661991
0.8602040234337451
0.860252148898497
0.8602586188232547
0.8672428296857229
0.8673062396786471
0.8673062396786471
0.8673130761189931
0.8673618179479402
0.8673618179479402
0.8740785170434923
0.8740859381596704
0.8741448864108085
0.8741448864108085
0.8805745959979628
0.8805745959979628
0.8805830475689984
0.8806485506227629
0.8806485506227629
0.8806506926092266
0.8868117065819586
0.8868828042531607
0.8868828042531607
0.8868908653845874
0.8869667459105699
0.8928569058069953
0.8928569058069953
0.8928659521592038
0.8929453303477797
0.8929453303477797
0.8985791709172262
0.89858895550539
0.8986674880917389
0.8986674880917389
0.8986674880917389
0.8987971715737503
0.8988075610383003
0.9041341214229741
0.9041341214229741
0.9042360164512828
0.9042468427848872
0.909354846037412
0.909354846037412
0.9094565867120159
0.909467494879715
0.909467494879715
0.9143536915316807
0.9144564692414352
0.9144653040424335
0.9144653040424335
0.9144813097338321
0.914585085635419
0.914585085635419
0.9192392941366502
0.9192392941366502
0.9192536374958459
0.9193583615039953
0.9237588747408396
0.9237588747408396
0.9237730731136116
0.9238802505497206
0.9238802505497206
0.9238945703056402
0.9273663030804271
0.9281697791676569
0.9281697791676569
0.9281844741546158
0.9282737221809713
0.9282737221809715
0.932296968164203
0.9322969681642044
0.9323127994378093
0.9324020921538569
0.9324020921538628
0.936224306576923
0.9362542854421108
0.9363406349789993
0.9363406349790201
0.9363504768020172
0.9364325754497069
0.9400132948101312
0.9400132948101952
0.9400250080447601
0.9401018270009286
0.9401018270011079
0.9434786244171045
0.9434908361042756
0.9434908361047392
0.9435612776637287
0.9435612776648584
0.9435736075694271
0.9468306584472966
0.9468848413388886
0.9468848413414612
0.9468968352211977
0.9469559831617625
0.9469559831673763
0.9500534699401322
0.9500625854168294
0.9501137071466662
0.9501137071583949
0.9501410089065442
0.953062719702466
0.9530627197260224
0.953105979679221
0.953105979679221
0.9531255403719489
0.9531255404176014
0.9531255404176014
0.9531609151885718
0.955871826166056
0.9558718262516497
0.9558908273457535
0.9558908273457535
0.9559182784023083
0.9559182785579355
0.9559182785579355
0.9559374609160152
0.9584529880078131
0.9584712779229067
0.9584712781978847
0.9584712781978847
0.9584908825973334
0.9584908830703208
0.9585341717437916
0.9585341717437916
0.9609548181572921
0.960975230034399
0.9609752308276708
0.9609752308276708
0.9609913690653018
0.9630508463213998
0.963363001085545
0.9633630023843683
0.9633630023843683
0.9633736360791457
0.9633736381590559
0.9633736381590559
0.9633859610318123
0.9655902870822527
0.9655978123467552
0.9655978123467552
0.9655978156057841
0.9656093739489423
0.9656093739489423
0.9656150750794594
0.9656150800829161
0.9676274913697199
0.9676370297347222
0.9676370297347222
0.9676370372662287
0.967642128999234
0.967642128999234
0.9676489220836181
0.9676489332130497
0.9678889264236118
0.96950915910956
0.9695091591095601
0.9695091752630385
0.969515475322886
0.9695155026116579
0.9695155026116581
0.9695155256583297
0.971310280051127
0.9713102800511276
0.9713144802591551
0.9713146685463996
0.9713147008901711
0.9713147008901731
0.9713163499585196
0.9713163533685565
0.9730599410092279
0.9730599856884145
0.9730599856884199
0.9730600464645746
0.9730600519620599
0.9730612950029899
0.9730612950030041
0.9747123922505252
0.9747124737200986
0.9747124737201341
0.9747126115331415
0.9747131186032768
0.9747132262658832
0.9747132262659688
0.9748041566643654
0.9762160740360907
0.9762175790840223
0.9762177194148963
0.9762177194150948
0.9762179843053188
0.9762179843057625
0.9762196877603231
0.97621986825719
0.977579743759669
0.9775797437606272
0.9775797439887398
0.9775799731689507
0.977581846587561
0.9775818465895637
0.9775821339727054
0.9775825461092282
0.9788333603571937
0.9788598843438241
0.9788598843478825
0.9788602403444573
0.9788612338129147
0.9788612338129147
0.9788612338208998
0.9788623179118698
0.9788627537935274
0.9801038408338315
0.9801038408338315
0.9801038408491067
0.9801087519363916
0.9801087519363916
0.9801092791349055
0.9801107628864325
0.9801107629148786
0.9801107629148786
0.9801276463786309
0.9813221165083705
0.9813227475657593
0.9813227476173885
0.9813246001039886
0.9813246001039886
0.9813298525778072
0.9813298525778072
0.981330599868768
0.9813305999601959
0.9813320287233162
0.9824593499202158
0.9824593499202158
0.9824593500783458
0.9824602217593267
0.9824667338191408
0.9824667338191408
0.9824682282981387
0.9824682285655102
0.9824692378662371
0.9824692378662371
0.983490342054395
0.9835013030646642
0.9835013035070139
0.9835013035070139
0.9835015881798722
0.9835027542336136
0.9835027549502988
0.9835027549502988
0.9835166742833935
0.983517994052728
0.983544511523118
0.9835445115231181
0.9844434398271313
0.984443440965133
0.9844449003977841
0.9844449003977844
0.9844552078178154
0.9844653116922477
0.9844653134645152
0.984465313464516
0.9844667022501835
0.9844667049590536
0.9853252604217932
0.985328679028693
0.9853362431652196
0.9853362431652225
0.9853382716164503
0.9853382756830007
0.985338275683009
0.9853471743244325
0.9853920445503458
0.985392050548711
0.9853920505487338
0.9853936909062436
0.986186105856765
0.9861861058568242
0.9861861145575741
0.9861988216658099
0.9862382508908119
0.9862415648667184
0.9862415648668654
0.9862415772833858
0.9869723024790007
0.9869873018437602
0.9869873018441095
0.9870413220342691
0.987084539673919
0.9870845571155019
0.9870845571162988
0.9870850409542756
0.9870933730400143
0.9870933971692057
0.9870933971709547
0.9871364346871374
0.9878794648258529
0.987884496677523
0.9878844966812237
0.9878845295706257
0.9878974210655672
0.9879404697881511
0.987940469795717
0.9879412908604334
0.9879413350531266
0.9885804890859444
0.9885804891009177
0.988596370731712
0.9885964292875704
0.9886009181059052
0.9886588465943197
0.9886588466230514
0.9886589231854186
0.9886817906356412
0.9886860861319284
0.9886860861854686
0.9887699119354715
0.9893031746428721
0.9893032732118292
0.989303273308856
0.9893064272517852
0.9893437865528616
0.9893437867240916
0.9893439123689918
0.9893524686691789
0.9893548148415886
0.9893548151362087
0.9898045169735347
0.9898046755366016
0.9899565767225135
0.9899693120717161
0.9899693125665321
