8.747271033861714e-5
9.059906644085234e-5
0.00020064527454472425
0.0004213566746027798
0.0006546316763810622
0.0011850352594480152
0.002469024051086435
0.0025829244614708475
0.0036649648867125456
0.0048009342139014415
0.005504839254652653
0.007989727146006336
0.008773074229529195
0.01226260657843345
0.014348710870489577
0.01766017139454936
0.021148413830680796
0.02418473105696157
0.02797134809359568
0.03176460345330867
0.03601356668649243
0.0402624258514904
0.044857369072051734
0.04945455004887609
0.05419246419058687
0.05897643730201813
0.06325803863609855
0.06810383575575109
0.07166143937032993
0.07684869595872997
0.08202923653750135
0.08809480851901769
0.09465703466098903
0.101794734364263
0.10947390989647467
0.11769842788791185
0.12646680768528212
0.13577976291570137
0.1456372352935338
0.15603818915034903
0.16698012504328508
0.17845880861809613
0.19046806242945508
0.20299960857409738
0.2160429456977615
0.22958528814736281
0.24361163516171785
0.25810496467958
0.27304624705843167
0.28841374104844525
0.3041818330244083
0.3203218549117575
0.3368075427031409
0.35362019789922144
0.37073806690613675
0.3881079854000327
0.4056467881712541
0.4233232363451965
0.4412274826669416
0.44122748266695366
0.4412274826669537
0.4594174558844878
0.4594174558844881
0.4594174558845043
0.47764482576694417
0.4776448257669455
0.4776448257669456
0.4955538130475684
0.49555381304757185
0.4955538130475743
0.5133196351970227
0.5133196351970463
0.5133196351970849
0.5315239351230597
0.5315239351231926
0.5315239351772619
0.5500396891804724
0.5500396892020244
0.5680688948427529
0.5680688948800153
0.5680688949649396
0.5855376295630574
0.5855376298959606
0.5855376299185882
0.5855376300140975
0.6027961892736927
0.6027961896634718
0.6027961897079848
0.6027961905795249
0.6197757245081987
0.619775726401332
0.619775726496332
0.6370475361638686
0.6370475438203431
0.6370475489866984
0.6370475493450968
0.6548018993334942
0.6548019092121656
0.6548019222581133
0.6715319540397694
0.6715319591273825
0.6715319845645918
0.6715319880459794
0.6870565035047317
0.6870565104578789
0.6870566567055374
0.6870566692354383
0.702207674232336
0.7022078683971916
0.7022079860969284
0.7022081908111779
0.7172699096005059
0.7172703950702918
0.7172704803170445
0.7172828661126797
0.7328672180580869
0.7328672847441199
0.7328677894901585
0.7483084254253491
0.7483093629440678
0.7483094532340279
0.7483107974105347
0.7626963914682163
0.762696435685216
0.7626980150342505
0.7626988109674244
0.7758906361329286
0.7758913999291471
0.7758935110393338
0.7758983360034567
0.7882260650151663
0.7882308860230344
0.7882342274305078
0.7882396750347165
0.8005173851661471
0.8005192340485641
0.8005396724939927
0.8005437622708256
0.8005742697528389
0.8131309975630504
0.8131315154610519
0.8131533835977226
0.8256385850035667
0.8256827312914371
0.8256842950493679
0.8256845330483926
0.8257606687541849
0.8375747252440213
0.8375833966410586
0.8375840651707777
0.8477143240251274
0.8477143850506275
0.8481006943292534
0.8481129815474384
0.8481432158078579
0.8576799002704929
0.8577508372128062
0.8577508374654839
0.8578102314054133
0.8578162446545365
0.8668992508160547
0.8668992508160547
0.8669331926603886
0.8669487936903661
0.8669487936903661
0.8707462639335493
0.8761354093910194
0.8761407431498988
0.8761407431498988
0.876163886090232
0.8762151550144379
0.8762151550144379
0.8855565357473699
0.8855565357473699
0.8855781222392884
0.8856780659021858
0.8856780659021858
0.8856899120485843
0.885782311500278
0.894765888872548
0.894765888872548
0.8947745022655921
0.8948359605496534
0.8948359605496534
0.8948359605496534
0.9027890727555078
0.9027996067838329
0.9029669382008702
0.9029669382008702
0.9029786987726951
0.9030381911838808
0.9030381911838808
0.9101002127288662
0.9101163860457221
0.9101163860457221
0.9102315888763532
0.9102315888763534
0.9102755248450058
0.9103852211582338
0.9167000027468809
0.9167000027472917
0.9167380715313411
0.9167380715314055
0.9168052249763142
0.9168394647000361
0.9168394647013157
0.9214333082829034
0.9229366048208677
0.9229366049718462
0.9229826346204951
0.9230829047272545
0.9230829054756172
0.9230836423119548
0.929188629799292
0.9291886314956171
0.9292797218951339
0.9292797445506443
0.9293250264017998
0.929423359509448
0.9294260089913349
0.9355158323175662
0.935595141276772
0.935595426900058
0.9357085237150167
0.9357889557422133
0.9357897145895486
0.9357948231372457
0.941565469585012
0.941581478220802
0.9416514887568163
0.9416621859765023
0.9416710388366247
0.9416911114897364
0.9467364938219239
0.9467405946959297
0.9467492426685263
0.9467583521849456
0.9468000354066546
0.9468074905504353
0.9468492101318662
0.9511054144213541
0.9511547005568722
0.9511555872791753
0.9511560006772394
0.9511827081451126
0.9511982535706253
0.951232014745146
0.951232014745146
0.9549272908213691
0.955036730755313
0.9550602851970518
0.9550602851970518
0.9550656355381831
0.9550669211205302
0.9550669211205302
0.955087995252995
0.9553188529138774
0.9553190719348131
0.9553190719348131
0.9587132626817209
0.9587340014472551
0.95873430489225
0.95873430489225
0.9588141251054664
0.9588141251054664
0.9588150931311146
0.9588230830078673
0.9588755843076922
0.9588755843076925
0.9624181786934847
0.9624181896498535
0.9624181896498609
0.9624283657294027
0.9624283914370142
0.9624842464294605
0.9624842464295363
0.9624945648708153
0.9625133554175795
0.9657627742841652
0.9657627742842789
0.9660861339712006
0.9660864033918078
0.9660864033930006
0.9661208874051584
0.9661379450271292
0.9661380538116452
0.9661380538279806
0.9692114869853106
0.9694621149850727
0.969462114989204
0.969468946693924
0.9694694776446686
0.9694694776529673
0.9694697087777879
0.9694777125586679
0.9694785160800858
0.969478516080171
0.9694785164166861
0.9723090456061663
0.9723090457101733
0.9723113384663784
0.9723174905113416
0.9723180081268683
0.9723180094114822
0.9723192729132832
0.9723193697473371
0.9724042783079507
0.9724105697567332
0.9746547879389297
0.9746547982023378
0.9746550835554016
0.9746565874484419
0.9746801769724027
0.9746801912910203
0.9746802142227916
0.9746812991629097
0.9746813330883392
0.9761461260356623
0.9761630676318696
0.9767070008203423
0.9767070537307424
0.9767070988823178
0.9767076263741129
0.9767076726941469
0.9767313289556191
0.976731932068314
0.9767320706936469
0.9781036791259561
0.9786069355414617
0.9786069357141722
0.9786125163399253
0.9786132654932771
0.9786132937451042
0.9786132937451042
0.9786141658275876
0.9786157874146072
0.9786199571594815
0.9786202119492117
0.9786202119492117
0.9804901482277715
0.9804906267916726
0.9804906267916726
0.9804907124669412
0.9804907495640405
0.9805156259112234
0.9805156259112234
0.9805159077157495
0.980515909550846
0.9805159095508461
0.9805160640568079
0.9805166746286036
0.9805166746286047
0.9806928369739162
0.9806939353369395
0.9824064664816029
0.9824064664822235
0.9824064838650184
0.9824076530264029
0.9824076530266281
0.9824180509138848
0.9824442208512805
0.9824442217262038
0.9824442217280326
0.9824459814044167
0.9824461538554337
0.9824461544954003
0.9834604552077884
0.9834776853582692
0.98420859902328
0.9842085990704644
0.9842095709056383
0.9842095725765185
0.9842095732063608
0.9842096657905295
0.9842270289844436
0.9842334506151437
0.9844072587728807
0.9844072614935097
0.9844072887360599
0.9844072910481043
0.9857101391400065
0.9857124207207794
0.9857263065990652
0.985726383164521
0.9857355948705837
0.9858288305720659
0.9858288583285448
0.985831043558993
0.9858310456839172
0.9858587439636514
0.9858587631171443
0.9859495452442768
0.9859497496892181
0.985950457032109
0.985956359178334
0.9869778198959104
0.9869778209666399
0.9869778533531626
0.9870106247439416
0.9870137950020055
0.9871451774607569
0.9871452938178638
0.9871453270771435
0.9871454828249449
0.987148555289636
0.9872010117318907
0.9872010196657371
0.9873979938981722
0.9873980188751553
0.988110511154652
0.9881155379781976
0.9881155683665759
0.9881156581796121
0.988248434973025
0.9882484519351894
0.9882495028644138
0.9882495434133525
0.9882532872044439
0.9882533366635883
0.9882535210020222
0.9882988088268463
0.9883629249898794
0.9883661421592461
0.9883736252153421
0.9892411793416253
0.9892412871596956
0.989241291446081
0.989244393447773
0.9892444172738647
0.989244518295454
0.9892479309044123
0.9892550047921135
0.989255005401217
0.9892579643292285
0.989258224275162
0.9892582357030677
0.990218933254176
0.990218933254176
0.9902277265794338
0.990242115627434
0.9902422668109153
0.9902422668677818
0.9902459673552259
0.9902459673552259
0.9902459680682502
0.9902463820366451
0.9902463820366451
0.9902479247531064
0.9902815329928915
0.9902841558630517
0.9902841558630519
0.990286197586036
0.9902867160180292
0.9902867160180612
0.9902867160943586
0.9912153449676552
0.9912153449676688
0.9912191129350961
0.9912196050327478
0.991219650234072
0.9912421846297492
0.9912421846300623
0.9912484506552117
0.9912484786522048
0.9912489980374012
0.9912489980384318
0.991251918783397
0.9912519187878067
0.9912519210276641
0.9912528031910841
0.9912715188619106
0.9918977898271191
0.9918977902548834
0.9919001026995625
0.991900768727076
0.9921782803352771
0.9921782803490327
0.9921789889135902
0.9921790045397701
0.9921790048034466
0.992188630103678
0.9921914098947945
0.9921914125938152
0.9921979005803723
0.9923670584180568
0.9923681908584485
0.9923681908854803
0.9923682608016382
0.9923781415548686
0.9923783900196206
0.9929173850692431
0.9929180641362397
0.992987961915329
0.992988744864519
0.9930949612583412
0.9930949640681638
0.9930962671818381
0.9930983102538837
0.9930984163186044
0.9930984242638868
0.9930985489475052
0.9931000667903197
0.9932670451122027
0.993267107312188
0.9933496116219819
0.9933496415960743
0.9933522212128632
0.9933525145510362
0.9933548340438225
0.9934264334471252
0.9937028145705469
0.9937032254926847
0.9937032348060727
0.9937034703002989
0.993827607760448
0.9938290792115994
0.9939097241767821
0.9939097251838763
0.9939099511756183
0.9939099551990228
0.9939117570645618
0.9939126020320689
0.9939129796120988
0.993912986402213
0.9939130469236559
0.9940434103991339
0.994044422400438
0.9940450568641542
0.9943762068480156
0.9943807563448657
0.9943813661010266
0.9943813665432872
0.9943819304047871
0.9943839940679193
0.9943840012558236
0.9944141526416305
0.9945873627336053
0.9945881055106559
0.9945881055106559
0.9945883794826065
0.994588384731355
0.9945905770170814
0.9945905770170814
0.9945914168990497
0.9945914194590412
0.9945914194590416
0.9946901383543153
0.9946930681930232
0.9946930681930234
0.9946931247298543
0.9946938564918282
0.9947358010149121
0.9947372367205771
0.9947372367328388
0.9950682167183977
0.995068219832889
0.9950682198342334
0.9950704842888314
0.9950714994963806
0.9950715015889879
0.9950715184066381
0.9950715184071193
0.9951233050966745
0.9951253870419215
0.9951272533570595
0.9951272643848882
0.9951272643934648
0.9951293654831257
0.9951293655061743
0.995129367085143
0.9951293681724639
0.9951306626600164
0.9951306657934695
0.9951391577818375
0.9953902120989349
0.9953902149529915
0.9953902151466776
0.995391856216415
0.9955911501186467
0.9955994023955855
0.9955994027202074
0.9955994075561613
0.9955994187849239
0.9956014741337476
0.9956032754873503
0.9956033009095124
0.9956033027696175
0.9956033058531674
0.9956033245230039
0.995606102430841
0.995606143675412
0.9956080408949333
0.9956081924866734
0.9956082131500893
0.995613042834461
0.995613043681571
0.9956130487262734
0.9956150442375662
0.9960584480608166
0.9960609200998325
0.9960609238196938
0.9960610096845438
0.9960612407767939
0.9960634096879243
0.9960634128709582
0.9960634136178407
0.9960691049678149
0.9960708362186617
0.9960712121023949
0.9960712154173353
0.996071216881049
0.9960734182579966
0.9960734187218471
0.9960739637239944
0.9960739779631121
0.9960755210757257
0.9960755211289656
0.9960777592759242
0.9964753448801221
0.996478044195147
0.9964824867496311
0.9964825645442347
0.996520188029542
0.9965214485324285
0.9965239090655118
0.9965256010722168
0.9965256017412811
0.996525603750809
0.9965256037822596
0.996525607721176
0.996528087790461
0.9965281169182403
0.9965295512801837
0.9965295512801837
0.9966091352151764
0.9966141084480917
0.9966164650235658
0.9966164938950504
0.9966164950362976
0.9966164950362976
0.9966187476771323
0.9966187476771324
0.9968553658973237
0.9969436859097172
0.9969436948004814
0.9969447621328292
0.996944762132841
0.9969447628502087
0.9969470896185845
0.9969510114860789
0.9969510309355764
0.9969510309356423
0.9969976038287605
0.9969976043169478
0.9969979438303536
0.9969986760452727
0.9969986760454154
0.9969986950118062
0.9970009103235968
0.9970009103247264
0.9970009103249449
0.9970036860478808
0.9970037162634087
0.9970037162956888
0.9970037162973381
0.9970042721759864
0.9970064149693217
0.9972433095015969
0.9972433095024428
0.9972433095110147
0.9972798937470261
0.9972799166024381
0.997279916618815
0.9972799175778427
0.9972819313281275
0.9973340248526038
0.9973345025401822
0.9973396747648545
0.9973396750283846
0.9973396928861002
0.9973396937097444
0.9973396938152321
0.9973417182164644
0.9973417378179846
0.997341742003088
0.9973417420148163
0.9973421755423463
0.9974572264614028
0.9974808861051847
0.997480890625287
0.9974808927405692
0.9974915830664954
0.9974916217042992
0.9974932868424381
0.997493287296832
0.9974932921898795
0.9974935055085119
0.9974935279308507
0.9974935364322335
0.9974935413451014
0.9974952274882057
0.9976123196909243
0.9976123200024285
0.997612324358196
0.9976123885012264
0.9976132292036535
0.9976132360929193
0.9976927076134534
0.9976927083045852
0.9976928547436121
0.9976940598626652
0.9976940599119727
0.9976940808939423
0.9976940843030022
0.9976940847219111
0.9976940923319949
0.9976967227366231
0.9976967409337688
0.9976977776935481
0.9976980617563368
0.997698061834628
0.9977573894190913
0.9977573946548554
0.9977573947480203
0.9978208983030264
0.9978209138698434
0.997820940085877
0.9978218794034412
0.9978218799306986
0.997821880584176
0.9978681522890613
0.9978718278266936
0.9978718298348015
0.9978718298394169
0.9978718682446346
0.9978725387975209
0.9978725389755015
0.9978725389755015
0.9978725777653282
0.9978725777837429
0.9979301111882709
0.9979301365709499
0.9979301365709499
0.9979301427909392
0.9979996210232427
0.9979996846108398
0.9980014920858652
0.9980014920858659
0.9980015038702492
0.998001535151394
0.9980020652222853
0.9980020652222863
0.9980021404738707
0.9980021412337714
0.9980021638150838
0.9980021638151805
0.998002174656949
0.9980021763625316
0.9980022526247817
0.998002643384596
0.9980026433850075
0.998007366470166
0.9980604516946922
0.998073269140052
0.9980732702503863
0.9980732702528304
0.9980732703350502
0.9980734012863309
0.9980734017329027
0.9980734017483948
0.9981696655671609
0.9981696655942588
0.9981699359234578
0.9981700643113388
0.9981700643216078
0.9981700717264951
0.9981700718236245
0.9981700718583686
0.9981703384833459
0.9981703387205085
0.9981808214679011
0.998180964905222
0.9981812411411497
0.9981812413121113
0.9981812465269319
0.9981882096331087
0.9982613091755608
0.9982613495271716
0.9982615274205222
0.9982615286943305
0.9982615292633367
0.9982615337626743
0.9982615364800352
0.9982616472259761
0.9982618623696234
0.9982620769822236
0.998262083278277
0.9982621231426094
0.9982621254365415
0.9983104570065356
