1.576207893521695e-7
1.8179804566850757e-7
2.250343252639591e-7
7.485629233670977e-7
2.9096863859564708e-6
4.048754879959374e-6
1.3669044531837488e-5
2.0325647834176484e-5
4.795258037811237e-5
8.294191536310731e-5
0.00017738279407199584
0.00027941722413854086
0.0005490077824741859
0.0008047767918725509
0.0014533250174243065
0.002032840469463442
0.0032425961678696083
0.004588380610125502
0.0069194559041898
0.00939834032073268
0.013534508857453472
0.01769374517047833
0.02445110121339213
0.03093319377091918
0.04113461248685958
0.05063924079836884
0.064960489493039
0.07817181767248581
0.09565123271855153
0.11448642638797184
0.13654959457581295
0.15993031195224608
0.18654177515177064
0.21412091529796112
0.24484047007714616
0.2759329484815871
0.3099340474461505
0.3435972774243047
0.37975539082828375
0.4148912830270849
0.45192007973453685
0.48738267783953637
0.5239857189918902
0.5586816220697342
0.5936886135499296
0.6266602196090096
0.6591263454580789
0.689611042912922
0.718870330223129
0.7463323399840811
0.7704677472448322
0.7961424387300643
0.8168613708393307
0.8388366090589232
0.8562289391094889
0.8746051860212347
0.8888970586230043
0.9039325257631562
0.9154406607757873
0.9274936760415453
0.9365829795570599
0.9460610772825894
0.9531092099872497
0.960428583993045
0.965799218735091
0.9713556091578593
0.9753805481566051
0.9795308670988166
0.9824999778593763
0.9855528392142608
0.9877104690930338
0.9899236912745293
0.9914693175937633
0.9930517580507
0.9941440813390983
0.9952608122930551
0.9960229367858563
0.9968013140128291
0.997326182727443
0.9978619275375031
0.9982200923232676
0.9985855988940334
0.998825754482293
0.9990708801574304
0.9992322944150409
0.9993970968617301
0.9995022433781471
0.9996097116308056
0.9996794348481707
0.9997507296469176
0.9997953484740647
0.9998410520687314
0.9998698432276455
0.999899363823051
0.9999176395369044
0.9999364051734888
0.9999481173379832
0.9999601618397805
0.9999671963186921
0.9999744470613424
0.9999791400117933
0.9999839750687484
0.9999866803975176
0.9999894783066123
0.9999911980812994
0.9999929767114156
0.9999940405061243
0.9999951414014597
0.9999957643239905
0.999996410172124
0.9999967984085049
0.9999972010205777
0.9999974348756857
0.9999976602953164
0.9999976602955534
0.9999976602965833
0.9999978065248551
0.9999979476932811
0.9999979476961579
0.9999979477024531
0.9999979477135055
0.9999980319911697
0.9999981132874558
0.9999981133032763
0.9999981133221889
0.9999981613409062
0.9999982076900107
0.9999982077091759
0.9999982077256444
0.9999982387235733
0.9999982687524752
0.9999982688776178
0.9999982688891291
0.9999982697694136
0.999998269774269
0.9999982869358642
0.9999983035815944
0.9999983068391787
0.9999983068516368
0.9999983068807214
0.9999983153343575
0.999998324929567
0.9999983342560335
0.9999983342685816
0.999998351403647
0.9999983514130737
0.9999983574986565
0.9999983634340155
0.9999983920003392
0.9999983920097779
0.9999984325730569
0.999998432584602
0.9999984359722424
0.9999984392868868
0.9999984893193079
0.9999984893350009
0.9999985434704316
0.9999985434922188
0.9999985453935476
0.9999985472634286
0.9999985472925154
0.9999985987247625
0.9999985987605248
0.9999985999080225
0.999998601041348
0.9999986435173027
0.9999986435561069
0.9999986731912889
0.9999986732263398
0.9999986738545928
0.9999986744771299
0.9999986907647669
0.9999986907868047
0.9999986965486166
0.9999986969085731
0.9999986972667211
0.9999986972719774
0.9999986976990524
0.9999986977023138
0.9999986988938705
0.9999986991133786
0.9999986993329485
0.9999986993967783
0.9999987068648725
0.9999987071495858
0.9999987246497317
0.9999987247651285
0.9999987248852781
0.9999987257240175
0.9999987546269805
0.9999987566211982
0.9999987566835306
0.9999987567467757
0.9999987959406552
0.9999988000235875
0.9999988464284787
0.9999988537593222
0.9999988537983616
0.9999988538391421
0.9999989034016763
