1.5764918151323805e-7
1.8180929779994033e-7
2.2507845978603204e-7
7.485177036004256e-7
2.9072720416513186e-6
4.0445911229044e-6
1.3638288626134727e-5
2.027005311253389e-5
4.773186888490029e-5
8.252883442844619e-5
0.0001761811341399378
0.0002772772466502506
0.0005438128898671754
0.0007962126620937218
0.0014348386964661397
0.0020046274257875616
0.0031903647026365186
0.004508991192886405
0.00678727985642043
0.0092029826288237
0.013233347947767333
0.017265543558787445
0.02382717238246193
0.030084110428199057
0.03995035953568729
0.049096828630519646
0.061789123539147166
0.07557956615143421
0.09236569284258198
0.11042420252751112
0.13162608150010174
0.1539564425881304
0.17956609813639612
0.20583065442470183
0.23545472523836616
0.26502248984392546
0.29789620803868483
0.32992024066004605
0.36498972513971906
0.3984960565230411
0.43454737663276694
0.46852321460200613
0.5043264663454436
0.5377998735302801
0.5722381471358124
0.604343945621574
0.6343721569811496
0.6665350218662849
0.6939596794573615
0.723193192629283
0.7476813270757582
0.7735971441393742
0.7949999013743515
0.8174527148491034
0.8357824433087787
0.8548274972446591
0.8702257720095992
0.8860676116073901
0.8987693685230116
0.9117106113140838
0.9220089344712683
0.9324048777468417
0.9406198096553685
0.9488419106958897
0.955295284457091
0.9617043710370398
0.9667013899421355
0.9716299936365721
0.9754472932446164
0.9791896793418794
0.9820689674199647
0.9848771179491426
0.9870231800044976
0.9891070064088541
0.990688816238117
0.9922190935316143
0.9933728910970796
0.9944857066896844
0.9953191175347859
0.9961209419721071
0.9967174503448011
0.9972902207663338
0.9977135312797483
0.9981193710958071
0.9984173793205546
0.9987027543060594
0.9989109879391621
0.9991102234475582
0.9992547140801408
0.9993928792570271
0.9994924872805178
0.9995876995118688
0.9996559494222313
0.9997211754635585
0.999767673946941
0.9998121111238977
0.9998436226534643
0.9998737404936934
0.9998949900171656
0.9999153042342234
