224.620847602626
64.65495732090635
32.69206597238461
19.017987594692183
11.442360856925825
6.640641445120246
3.3342565083967157
0.9266368087031228
-0.8979489458152582
-2.3221905258677014
-3.4590759299986096
-4.382182584005327
-5.141426863673206
-5.771811716649672
-6.298552211058404
-6.740214326187854
-7.110709318743729
-7.420600808797427
-7.677983896325421
-7.889089051727961
-8.05870368857116
-8.190469470196343
-8.28709239834786
-8.350489654306243
-8.381888731745713
-8.381888731745594
-8.350489654306331
-8.287092398347855
-8.190469470196225
-8.058703688571136
-7.88908905172802
-7.677983896325395
-7.420600808797444
-7.110709318743702
-6.740214326187795
-6.298552211058483
-5.771811716649769
-5.141426863673136
-4.382182584005266
-3.4590759299986193
-2.3221905258677316
-0.8979489458152845
0.9266368087031146
3.3342565083967033
6.640641445120277
11.442360856925848
19.017987594692126
32.69206597238466
64.65495732090672
224.6208476026218
