227.02160677447512
67.05687609360228
35.09496807607895
21.421721782979954
13.84679761467554
9.045670095635444
5.739782674259229
3.332580185936411
1.5083434639240874
0.08439315991426276
-1.0522497877920336
-1.9751551620099208
-2.734232820525422
-3.364480169549652
-3.8911075822856267
-4.332677076079297
-4.703096579984719
-5.01292693540157
-5.270260939373841
-5.481327172787667
-5.6509115207091085
-5.782654435642689
-5.879260991130072
-5.942647695574131
-5.974041605028256
-5.974041605028245
-5.94264769557411
-5.879260991130127
-5.782654435642685
-5.650911520709192
-5.481327172787699
-5.270260939373774
-5.012926935401585
-4.7030965799847415
-4.332677076079327
-3.891107582285633
-3.3644801695496795
-2.7342328205254356
-1.9751551620099437
-1.0522497877920418
0.08439315991424012
1.5083434639240711
3.3325801859364197
5.73978267425918
9.04567009563538
13.846797614675586
21.42172178298011
35.09496807607913
67.05687609360207
227.02160677447048
